% f evaluations | g evaluations | best noise-free fitness - Fopt (3.590000000000e+01) + sum g_i+ | measured fitness | best measured fitness or single-digit g-values | x1 | x2...
1 0 +3.531622671e+05 +3.531981671e+05 +3.531981671e+05 -6.6252e-01 +4.7661e-02 +1.0814e-02 +3.9140e-02 -6.7610e-01 -1.5967e-01 +1.9795e+00 -7.5647e-01 -5.4795e-01 +9.0049e-01
2 0 +3.134520031e+05 +3.134879031e+05 +3.134879031e+05 +2.5322e+00 -1.9788e-01 -1.0600e-01 -8.6356e-01 +1.4210e+00 +5.5288e-01 +2.1052e-01 +2.3176e-01 -2.0545e+00 +5.8663e-01
4 0 +3.019313675e+05 +3.019672675e+05 +3.019672675e+05 -2.4610e+00 +3.2499e-01 +1.3664e+00 +1.1720e+00 -1.8576e+00 +7.6003e-01 -1.7507e+00 +1.5492e+00 +1.0654e+00 -5.8514e-01
10 0 +2.875706615e+05 +2.876065615e+05 +2.876065615e+05 -8.1010e-01 -2.0228e-01 +9.8212e-01 -4.8793e-01 -1.5958e-01 -1.3822e+00 +4.7515e-01 -1.0630e+00 +3.6325e-01 +9.9401e-02
13 0 +2.041471359e+05 +2.041830359e+05 +2.041830359e+05 +3.7101e+00 +1.8758e+00 +2.7846e+00 -1.1120e+00 -2.4752e+00 -9.6813e-01 -6.0457e-01 -1.0534e+00 +3.1854e+00 -3.7866e+00
17 0 +1.711254029e+05 +1.711613029e+05 +1.711613029e+05 +2.9110e+00 +2.1821e+00 +4.1967e+00 -1.6178e+00 -5.4918e-01 +7.6562e-01 -6.6206e-01 -1.6558e+00 +2.8610e+00 -3.2486e+00
68 0 +1.658380583e+05 +1.658739583e+05 +1.658739583e+05 +3.5670e+00 +2.0146e+00 +2.4880e+00 -3.9715e+00 -4.9359e-01 +1.9084e+00 -1.7577e+00 +1.7305e-01 +2.1100e+00 +9.5883e-01
82 0 +1.396106928e+05 +1.396465928e+05 +1.396465928e+05 +6.2116e-01 +3.9575e+00 +6.8085e-01 -1.5093e-01 -9.6582e-01 -7.6208e-01 +2.2639e+00 +1.7083e+00 -2.2220e-01 +2.9264e+00
90 0 +1.231349707e+05 +1.231708707e+05 +1.231708707e+05 +2.4646e+00 +3.1318e+00 +2.3089e-01 +5.4322e-01 +2.7280e+00 -1.9728e+00 -3.1670e+00 -3.0355e+00 +2.4003e+00 +2.5485e+00
95 0 +6.186717794e+04 +6.190307794e+04 +6.190307794e+04 +2.3039e+00 +3.2852e+00 -1.2688e+00 -1.1609e+00 +1.7912e-01 -2.8260e+00 -2.8200e+00 +2.9377e-01 -2.8228e+00 +2.2470e+00
96 0 +3.643157336e+04 +3.646747336e+04 +3.646747336e+04 -9.8689e-02 +3.6004e+00 +1.2377e+00 -5.5258e-01 +5.3044e-02 -8.9512e-01 -1.9918e+00 -2.0708e-01 -1.9903e+00 +4.5798e+00
100 0 +3.443300908e+04 +3.446890908e+04 +3.446890908e+04 +9.8118e-01 +3.6758e+00 +1.4800e+00 -2.0325e-01 -9.7076e-01 -1.0182e+00 -6.5741e-01 -9.5428e-01 -1.1005e-01 +3.4113e+00
917 0 +3.088405394e+04 +3.091995394e+04 +3.091995394e+04 +9.1906e-01 +3.6989e+00 +2.3425e+00 +1.5183e+00 -1.3019e-02 -1.8050e+00 -3.5450e+00 -2.7783e+00 +6.2204e-01 -1.3239e+00
% f evaluations | g evaluations | best noise-free fitness - Fopt (3.137000000000e+01) + sum g_i+ | measured fitness | best measured fitness or single-digit g-values | x1 | x2...
1 0 +1.867647950e+05 +1.867961650e+05 +1.867961650e+05 +1.5171e-01 +1.2879e-01 -6.9086e-01 +2.0123e+00 -2.3418e-01 +1.7280e+00 +7.0035e-01 -1.4986e-01 -8.8461e-02 -7.5645e-01
3 0 +1.581382193e+05 +1.581695893e+05 +1.581695893e+05 -3.4077e-01 +1.3611e-01 +1.1595e-01 +3.9515e-01 -2.0674e+00 +7.0211e-01 -1.6113e+00 -6.4695e-01 +8.8019e-01 -9.8163e-01
47 0 +1.319850599e+05 +1.320164299e+05 +1.320164299e+05 -2.3188e+00 -6.6922e-01 -1.8934e+00 +4.5081e+00 -4.2104e+00 +3.4705e-01 -3.3923e+00 +3.0481e+00 +1.4475e+00 +1.4750e+00
54 0 +1.272291218e+05 +1.272604918e+05 +1.272604918e+05 +1.5245e-01 -4.8765e-01 +4.4383e-01 +1.6501e+00 -5.9502e-02 -2.3376e+00 +1.0338e+00 +2.4987e+00 -1.2619e+00 +9.7854e-01
55 0 +8.715494916e+04 +8.718631916e+04 +8.718631916e+04 +2.1391e+00 +1.4823e+00 -5.2911e-01 +2.2727e+00 -4.8202e-01 -1.0600e+00 +1.0968e-01 +1.9681e+00 -2.7884e-02 +1.6577e+00
65 0 +6.444305916e+04 +6.447442916e+04 +6.447442916e+04 +2.2170e+00 -6.3089e-01 -1.5102e+00 +8.6345e-01 +6.5393e-01 -2.9721e+00 +2.4830e+00 +4.4424e+00 -9.4980e-01 +2.3448e+00
108 0 +6.171384177e+04 +6.174521177e+04 +6.174521177e+04 +3.4000e-01 -1.2804e+00 -1.7940e+00 -4.1849e-01 -4.7614e+00 -3.3763e-02 +6.4249e-01 -3.2546e-01 +2.2177e+00 +4.7259e-01
244 0 +4.839625702e+04 +4.842762702e+04 +4.842762702e+04 -3.0082e+00 +3.9801e+00 -3.0226e+00 -1.3254e+00 -2.2254e+00 +3.5881e-01 -1.9956e+00 +1.0007e+00 +2.0452e+00 +1.2233e+00
349 0 +3.622549185e+04 +3.625686185e+04 +3.625686185e+04 +2.5638e-01 +1.3078e-01 -3.5078e+00 +1.9962e+00 -3.3394e+00 -1.7853e+00 +1.2152e+00 +1.0321e+00 +1.7303e-01 +3.0877e+00
354 0 +1.057581338e+04 +1.060718338e+04 +1.060718338e+04 +1.1477e+00 +1.3958e+00 -4.5678e+00 +1.6635e+00 -4.1526e+00 -2.7809e+00 +6.8408e-01 +1.3513e+00 -9.5005e-01 +1.4070e+00
% f evaluations | g evaluations | best noise-free fitness - Fopt (-1.000000000000e+03) + sum g_i+ | measured fitness | best measured fitness or single-digit g-values | x1 | x2...
1 0 +4.454810738e+05 +4.444810738e+05 +4.444810738e+05 +7.0940e-02 +5.9754e-01 +1.3245e+00 -1.5890e-01 +1.4441e+00 -1.0451e+00 -1.1960e+00 +2.0304e+00 -4.2930e-02 +1.2990e+00
2 0 +2.279133639e+05 +2.269133639e+05 +2.269133639e+05 -3.0394e-01 +8.7031e-01 +3.5635e-01 +7.6457e-01 -3.1765e-01 -1.7069e-01 +2.0241e+00 +2.4241e-01 -1.8804e+00 +4.8667e-01
4 0 +2.008552200e+05 +1.998552200e+05 +1.998552200e+05 -7.4662e-01 -1.5442e+00 -1.6975e-01 +1.1121e+00 +1.4099e-01 +1.1079e+00 +1.1968e+00 -1.4922e+00 -1.3124e-01 -2.8455e-01
5 0 +1.703408220e+05 +1.693408220e+05 +1.693408220e+05 -7.0676e-01 -1.2710e+00 +1.5037e+00 +5.8298e-02 -2.4026e-01 -1.5671e-01 -3.4306e-01 +4.0762e-01 -4.0463e-01 +1.3631e+00
59 0 +1.164483391e+05 +1.154483391e+05 +1.154483391e+05 -7.8654e-01 -2.2612e+00 -1.5433e+00 +4.0677e-02 -3.6968e+00 -3.9779e+00 -4.5445e-01 +1.7081e+00 -2.5283e+00 +3.2298e+00
65 0 +7.658484729e+04 +7.558484729e+04 +7.558484729e+04 -7.5753e-01 -2.7696e+00 -1.5878e+00 +1.5044e+00 -2.4547e+00 -4.5792e+00 +1.7893e+00 +1.4630e+00 -2.4716e+00 +3.8954e+00
307 0 +6.933916070e+04 +6.833916070e+04 +6.833916070e+04 -4.7366e-01 -3.4046e+00 +2.2215e+00 +5.3888e-01 -2.0481e+00 -1.9866e+00 -2.3450e+00 -1.0232e+00 -1.4511e+00 +1.9381e+00
309 0 +3.927769891e+04 +3.827769891e+04 +3.827769891e+04 -4.5672e-01 -1.9521e+00 +2.5893e+00 +3.4649e+00 -2.2185e+00 -2.4925e+00 -6.5603e-01 -8.2468e-01 -2.6805e+00 +8.3406e-01
312 0 +2.239889673e+04 +2.139889673e+04 +2.139889673e+04 -2.8374e-01 -1.7306e+00 +2.0016e+00 +3.2342e+00 -1.9372e+00 -1.5286e+00 -2.4555e+00 -2.6473e+00 -7.7143e-01 +3.0081e+00
% f evaluations | g evaluations | best noise-free fitness - Fopt (1.319200000000e+02) + sum g_i+ | measured fitness | best measured fitness or single-digit g-values | x1 | x2...
1 0 +5.677608436e+05 +5.678927636e+05 +5.678927636e+05 -8.4131e-01 -1.2745e+00 -6.6731e-01 +3.7197e-01 +1.2695e-01 -1.1532e-01 -1.0508e+00 -1.5907e-01 -4.8687e-01 -1.6031e-01
4 0 +4.065074481e+05 +4.066393681e+05 +4.066393681e+05 -2.3449e-01 +2.4984e-01 -1.4837e+00 +1.4642e+00 -3.1043e-01 -2.8036e-01 -2.8178e+00 +2.8625e-01 -3.4313e-01 +7.9401e-01
10 0 +3.664792527e+05 +3.666111727e+05 +3.666111727e+05 +3.0158e-02 +3.0271e-02 -1.1524e+00 +8.3528e-01 -1.4744e+00 -3.1729e-01 +6.4666e-01 +2.5823e-01 +4.1505e-01 +3.5517e-01
43 0 +3.003810087e+05 +3.005129287e+05 +3.005129287e+05 +2.7693e-01 +4.0578e-01 -9.0074e-01 -2.4522e-03 -4.0430e+00 -4.9413e-01 -1.0640e+00 -4.0293e-01 +5.5114e-01 -3.8518e-02
49 0 +2.639995808e+05 +2.641315008e+05 +2.641315008e+05 +7.2211e-01 -1.0972e-01 -2.4998e+00 +1.3199e+00 -2.1224e+00 +3.6009e-01 -1.3782e+00 +1.1331e+00 +5.2444e-01 -1.6093e+00
94 0 +1.910783673e+05 +1.912102873e+05 +1.912102873e+05 +5.1996e-01 +2.4891e+00 -3.5729e+00 +1.2977e+00 -4.2810e-01 -6.3474e-01 -4.7860e+00 +3.5116e+00 -2.1566e-01 -1.9376e+00
95 0 +1.748804773e+05 +1.750123973e+05 +1.750123973e+05 +1.1732e+00 +1.8690e+00 -4.1894e+00 +1.5345e+00 -2.0555e+00 -1.6774e+00 -4.0006e+00 +2.8541e+00 -1.6588e+00 +2.2630e+00
210 0 +1.544440711e+05 +1.545759911e+05 +1.545759911e+05 -3.0210e+00 +3.0292e+00 -2.1521e+00 +1.6717e+00 -1.0471e+00 +7.7937e-01 +1.0467e+00 +1.2701e+00 -9.2280e-01 -3.3558e+00
212 0 +9.588167386e+04 +9.601359386e+04 +9.601359386e+04 -3.0631e+00 +2.2430e+00 -1.1571e+00 +3.8384e-01 -3.0607e+00 -6.1961e-01 +1.2544e+00 +3.0769e+00 -1.5773e+00 -3.3889e+00
221 0 +9.538125072e+04 +9.551317072e+04 +9.551317072e+04 -4.0317e-01 +3.3116e+00 -1.5567e+00 +4.7532e-01 -4.8342e+00 +1.2768e+00 -2.2523e+00 +2.7414e+00 -2.1528e+00 -2.2751e+00
% f evaluations | g evaluations | best noise-free fitness - Fopt (5.908400000000e+02) + sum g_i+ | measured fitness | best measured fitness or single-digit g-values | x1 | x2...
1 0 +3.532839661e+04 +3.591923661e+04 +3.591923661e+04 +1.2521e-01 +1.5332e+00 +1.2210e+00 -8.7000e-01 -1.0727e+00 +1.6240e+00 +2.1925e-01 -2.4730e-01 +1.2026e+00 +4.1458e-01
2 0 +3.386347522e+04 +3.445431522e+04 +3.445431522e+04 +2.9946e-01 +1.3657e+00 -8.3949e-01 -2.2672e-01 +7.4596e-02 +1.9659e+00 +1.0565e+00 +1.4322e+00 -2.1008e-01 -3.6365e-01
4 0 +9.934148642e+03 +1.052498864e+04 +1.052498864e+04 -4.1259e-02 +2.2069e-01 +1.7411e-01 +1.0134e-01 +3.6570e-01 -9.2772e-01 +2.0311e-01 +9.9282e-01 -8.4793e-01 +5.1862e-01
29 0 +4.014132499e+02 +9.922532499e+02 +9.922532499e+02 -3.8691e+00 -2.3152e+00 -1.6363e-01 +9.9759e-01 +1.8024e+00 -1.8335e+00 +2.3776e+00 +2.1335e+00 +2.6063e+00 -3.2838e-01
208 0 +2.392301918e+02 +8.300701918e+02 +8.300701918e+02 -2.4095e+00 +1.6563e+00 +4.3312e-02 -1.9559e+00 -1.1303e+00 -4.7155e-01 +1.2301e+00 +1.6501e+00 -9.7240e-01 +3.0540e+00
308 0 +2.155850500e+02 +8.064250500e+02 +8.064250500e+02 +1.9015e-03 +1.4231e+00 +1.5307e+00 -1.9435e+00 +1.6457e-01 -1.1068e+00 +2.9043e+00 +2.7894e+00 +2.9116e+00 -4.0176e-01
316 0 +8.934827919e+01 +6.801882792e+02 +6.801882792e+02 -2.4284e-01 -3.0855e-01 -1.9778e+00 +4.7368e-01 +1.4800e+00 -3.8511e-02 +3.5566e+00 +4.5338e-01 +3.1311e+00 -1.3844e-01
% f evaluations | g evaluations | best noise-free fitness - Fopt (6.749000000000e+01) + sum g_i+ | measured fitness | best measured fitness or single-digit g-values | x1 | x2...
1 0 +2.860658815e+05 +2.861333715e+05 +2.861333715e+05 -6.7993e-01 -1.5526e+00 -1.7882e-01 -9.7286e-01 -7.0870e-01 +4.0902e-01 -2.2462e-01 +3.3258e-01 +4.2492e-01 -9.7278e-01
2 0 +6.234228189e+04 +6.240977189e+04 +6.240977189e+04 -3.2020e-02 +6.8245e-01 +4.6353e-01 +1.6767e-01 +1.1540e+00 -7.3487e-01 +1.2412e+00 -1.1082e+00 -1.2949e+00 +2.5055e+00
243 0 +1.921602495e+04 +1.928351495e+04 +1.928351495e+04 -2.9697e+00 +9.3981e-01 -1.5653e+00 +3.9346e-01 -1.0084e+00 -1.4263e+00 +1.2402e+00 -4.3681e+00 +2.2952e+00 -1.0454e-01
335 0 +1.809185296e+04 +1.815934296e+04 +1.815934296e+04 +2.9162e+00 -2.7132e-01 +1.3517e+00 +1.8798e+00 +5.5628e-01 -1.3851e+00 +4.2445e+00 -2.7292e+00 +1.6382e+00 +1.0505e+00
584 0 +1.691827485e+04 +1.698576485e+04 +1.698576485e+04 -4.0624e-03 +4.6170e-01 +2.0477e+00 +4.5272e-01 -1.4336e+00 -2.3831e+00 +3.1917e+00 -9.1119e-01 +1.2136e+00 +4.4977e+00
% f evaluations | g evaluations | best noise-free fitness - Fopt (3.085000000000e+01) + sum g_i+ | measured fitness | best measured fitness or single-digit g-values | x1 | x2...
1 0 +1.724129012e+05 +1.724437512e+05 +1.724437512e+05 -3.1550e-01 +1.5529e+00 -1.2562e+00 +2.9451e-01 +5.9169e-01 -1.6698e+00 +2.1826e-01 +9.0313e-01 +8.8938e-01 -6.3908e-01
10 0 +1.689783330e+05 +1.690091830e+05 +1.690091830e+05 +2.9107e-01 -1.2282e+00 -3.3605e-01 +1.0891e-01 -1.7667e-01 +1.2405e-02 +1.3670e+00 +1.2553e+00 -8.2053e-01 -7.2169e-01
20 0 +1.649433727e+05 +1.649742227e+05 +1.649742227e+05 +1.0918e-01 -6.9068e-01 +1.6251e+00 -9.2797e-01 -9.0134e-01 +7.8661e-01 -3.1535e-01 +5.5352e-01 -2.1479e-01 -1.6700e+00
96 0 +1.619685837e+05 +1.619994337e+05 +1.619994337e+05 -2.4457e+00 +1.9507e+00 -1.0516e+00 -7.1664e-01 +1.0368e+00 -2.9507e+00 -2.9284e+00 -1.0240e-01 -1.0064e+00 +6.1257e-01
109 0 +1.305113685e+05 +1.305422185e+05 +1.305422185e+05 -1.1558e+00 +2.4045e+00 -1.9325e+00 +6.3459e-01 -3.1946e+00 +1.1054e+00 -1.6791e+00 +1.0853e+00 -1.7111e+00 -3.2857e+00
117 0 +1.197386060e+05 +1.197694560e+05 +1.197694560e+05 -2.6203e+00 +2.8328e+00 -9.5323e-01 -5.4644e-01 -2.1338e+00 -1.0151e+00 -2.0771e+00 +1.3688e+00 -6.4443e-01 -2.5836e+00
123 0 +5.055339512e+04 +5.058424512e+04 +5.058424512e+04 +1.1171e+00 +2.1285e+00 -1.2684e+00 -2.2807e-01 +1.6898e-01 -4.4660e+00 -9.6696e-01 +1.9303e+00 +7.6861e-01 -2.3704e+00
126 0 +4.107918456e+04 +4.111003456e+04 +4.111003456e+04 +1.1718e+00 -1.4670e+00 -9.3199e-01 -2.5622e+00 +7.4257e-01 -4.0399e+00 -1.7179e+00 +2.6078e+00 +9.0179e-01 -2.8097e+00
562 0 +3.523342904e+04 +3.526427904e+04 +3.526427904e+04 +3.1971e+00 +8.4345e-01 -3.8358e+00 +2.4745e+00 +1.1652e+00 +1.3493e+00 -2.4207e+00 +3.5555e+00 -6.0781e-01 -4.7742e+00
567 0 +1.713892019e+04 +1.716977019e+04 +1.716977019e+04 +8.8280e-01 +1.9227e+00 -2.1760e+00 +8.7109e-01 +1.3942e+00 +5.4295e-01 -3.5097e+00 +1.8919e+00 -6.6333e-01 -4.7027e+00
% f evaluations | g evaluations | best noise-free fitness - Fopt (-1.255000000000e+01) + sum g_i+ | measured fitness | best measured fitness or single-digit g-values | x1 | x2...
1 0 +5.876913922e+05 +5.876788422e+05 +5.876788422e+05 -6.0609e-01 +5.5623e-01 -4.7008e-01 -6.6493e-01 +1.1176e+00 +1.1798e+00 +5.7008e-01 +8.1782e-02 +2.4710e-02 -1.9650e-01
2 0 +5.799861229e+05 +5.799735729e+05 +5.799735729e+05 -6.0631e-01 -1.1024e+00 +1.3417e+00 +3.3744e-01 -8.1720e-01 +3.0512e-01 +1.0753e+00 +1.1014e+00 +1.4225e+00 -7.8190e-01
7 0 +5.442789556e+05 +5.442664056e+05 +5.442664056e+05 -1.9428e-01 -1.1465e-01 +2.2746e+00 -7.3968e-01 +1.3907e+00 -6.7222e-01 +4.6119e-01 -5.1875e-01 +1.0953e-01 -7.2084e-01
8 0 +2.448342548e+05 +2.448217048e+05 +2.448217048e+05 +1.6054e+00 -6.7029e-01 -1.9850e-01 +9.0601e-01 +7.2273e-01 -3.5870e-01 -8.2590e-01 -1.6318e+00 +7.7686e-01 -1.1047e+00
75 0 +2.102301455e+05 +2.102175955e+05 +2.102175955e+05 +4.1496e+00 -1.8006e-01 +1.2357e+00 +5.5922e-01 +1.3216e+00 +2.3245e+00 +1.1492e+00 -1.5574e+00 +2.5341e+00 -2.6373e+00
80 0 +1.837165203e+05 +1.837039703e+05 +1.837039703e+05 +2.7518e+00 -1.1215e+00 +2.2876e-01 +1.2898e+00 +2.4653e+00 +1.2222e+00 +8.4988e-01 -2.2395e+00 +1.6686e+00 -2.3391e+00
146 0 +1.357555853e+05 +1.357430353e+05 +1.357430353e+05 +2.5265e+00 -1.2273e-02 -1.1114e+00 +1.6973e+00 +1.9250e+00 -2.0626e+00 -1.3617e+00 -7.3048e-01 +1.0710e+00 +1.3837e+00
147 0 +1.043443286e+05 +1.043317786e+05 +1.043317786e+05 +3.2114e+00 -4.2216e-01 -7.3000e-01 +3.0158e+00 +3.7795e-01 -3.5714e-01 -7.8839e-01 +8.7046e-01 +2.1569e+00 -1.2409e+00
148 0 +1.016008996e+05 +1.015883496e+05 +1.015883496e+05 +4.2656e+00 -5.8294e-01 -1.7948e+00 +2.8243e+00 +1.8223e+00 -1.3903e+00 -1.4863e+00 +9.8531e-01 +1.6968e+00 -1.7801e+00
152 0 +3.824275132e+04 +3.823020132e+04 +3.823020132e+04 +3.9808e+00 +4.3972e-01 +7.4229e-01 +3.8362e+00 +2.6510e+00 -1.2495e+00 -2.3465e+00 -3.2341e-01 +4.1845e-01 +2.9112e-01
516 0 +3.311900483e+04 +3.310645483e+04 +3.310645483e+04 +2.0626e+00 -7.2521e-01 -1.2073e+00 +2.7347e+00 +7.3066e-01 +2.9502e+00 -1.5414e+00 -1.7443e+00 +4.0927e+00 +1.1333e+00
718 0 +2.692250099e+04 +2.690995099e+04 +2.690995099e+04 -1.7161e+00 +5.2501e-01 -3.3286e-01 +3.0096e+00 +4.7323e+00 -6.3400e-03 +1.4774e-01 +4.3957e-01 +3.2009e+00 -1.4854e+00
% f evaluations | g evaluations | best noise-free fitness - Fopt (5.383900000000e+02) + sum g_i+ | measured fitness | best measured fitness or single-digit g-values | x1 | x2...
1 0 +3.580813945e+05 +3.586197845e+05 +3.586197845e+05 +6.4588e-01 +2.9540e-01 -1.8338e-01 +1.3798e+00 +2.5768e-01 -1.6356e+00 +7.1012e-01 +2.2118e+00 -1.0780e+00 +6.1053e-01
2 0 +2.997454713e+05 +3.002838613e+05 +3.002838613e+05 -4.6929e-01 +2.3266e-01 +8.0749e-01 -9.6945e-02 -1.0468e+00 -8.2417e-01 -1.9323e+00 +6.0593e-01 -1.5822e+00 +3.9247e-01
6 0 +2.329518637e+05 +2.334902537e+05 +2.334902537e+05 -3.1835e-02 +9.8925e-02 -1.6675e-01 -1.3819e-01 -2.0735e+00 -5.9021e-01 -7.4861e-01 -8.7587e-01 +2.3657e+00 +9.5081e-01
9 0 +2.256469964e+05 +2.261853864e+05 +2.261853864e+05 +1.3923e+00 -5.7734e-01 +2.1852e-01 +4.8196e-01 -8.3663e-01 -7.5693e-01 +7.5267e-01 -1.1152e+00 +5.2261e-01 -2.8992e-01
27 0 +1.935653323e+05 +1.941037223e+05 +1.941037223e+05 +3.3324e+00 +1.0877e+00 +1.6759e+00 +6.0073e-01 -3.2720e-02 +4.4946e+00 +3.2943e+00 -5.3790e-01 -2.8777e-01 -3.2333e+00
82 0 +1.882785935e+05 +1.888169835e+05 +1.888169835e+05 -1.0438e-01 -1.2233e+00 +1.5257e+00 -1.5285e+00 -3.1621e+00 +3.7592e+00 -1.3470e+00 -2.7389e+00 +1.3708e+00 +2.8124e+00
119 0 +1.358683667e+05 +1.364067567e+05 +1.364067567e+05 +1.0220e-01 +7.4039e-01 +1.7107e+00 +1.7868e+00 -2.5482e+00 +1.4629e+00 -2.5029e+00 +2.4595e+00 -1.2558e+00 -2.3787e+00
123 0 +1.146363750e+05 +1.151747650e+05 +1.151747650e+05 +1.6322e+00 -1.5237e-02 -5.5537e-01 +1.4313e+00 -4.7629e-01 -4.4128e-01 -3.1881e+00 +1.0057e+00 -7.2329e-01 -1.6023e+00
181 0 +1.057512433e+05 +1.062896333e+05 +1.062896333e+05 +7.4729e-02 -8.5012e-01 +2.7496e+00 +1.9325e-01 -3.4017e+00 +5.0573e-01 +8.7929e-01 -1.3316e+00 +3.8476e-01 -1.2631e+00
184 0 +8.157852550e+04 +8.211691550e+04 +8.211691550e+04 -4.3711e-02 -6.9700e-01 +3.7104e+00 -8.9695e-01 -3.5483e+00 +1.9856e+00 -1.6126e+00 -2.4425e+00 +1.2566e+00 -3.1766e+00
185 0 +6.361381894e+04 +6.415220894e+04 +6.415220894e+04 +4.8641e-01 -2.3295e+00 +2.3406e+00 +2.0813e-01 -3.2065e+00 +3.7029e-01 -1.9005e+00 -1.3600e-01 -4.7957e-01 -3.7735e+00
187 0 +3.348289773e+04 +3.402128773e+04 +3.402128773e+04 +7.3164e-01 -6.6832e-01 +2.2144e+00 +5.6142e-01 -4.3612e+00 +9.6964e-01 +5.7297e-01 +1.6267e+00 -1.4260e+00 -3.0011e+00
233 0 +3.242119331e+04 +3.295958331e+04 +3.295958331e+04 +2.5175e+00 -1.1124e+00 +2.2324e+00 -7.8890e-01 -4.6074e+00 +2.0723e+00 +4.0149e+00 +2.8124e+00 -9.9529e-01 -1.6012e+00
369 0 +1.446450674e+04 +1.500289674e+04 +1.500289674e+04 +1.4620e+00 +2.1947e+00 -1.0947e-01 -2.0706e+00 -3.9873e+00 +1.2560e+00 +2.2618e-01 +1.2326e+00 -4.1508e+00 -3.2354e+00
371 0 +1.205463072e+04 +1.259302072e+04 +1.259302072e+04 +1.9019e+00 +2.0039e+00 -1.1940e+00 -2.5869e+00 -4.1182e+00 +8.7759e-01 -9.5941e-01 +1.2046e+00 -4.4132e+00 -1.7688e+00
859 0 +1.195342029e+04 +1.249181029e+04 +1.249181029e+04 +1.6931e+00 -3.9253e-01 +2.0141e+00 -2.4467e+00 -4.4784e+00 +3.4759e-01 -1.8207e+00 -1.2841e+00 +8.2911e-01 -1.5583e-02
% f evaluations | g evaluations | best noise-free fitness - Fopt (-1.055600000000e+02) + sum g_i+ | measured fitness | best measured fitness or single-digit g-values | x1 | x2...
1 0 +1.510450384e+05 +1.509394784e+05 +1.509394784e+05 +7.2843e-01 -6.5368e-01 +9.0249e-01 -4.8149e-01 +6.7442e-01 -8.9062e-01 -2.5120e+00 -2.2023e-01 -1.8443e+00 -1.7946e+00
54 0 +1.452337802e+05 +1.451282202e+05 +1.451282202e+05 +1.1295e+00 -7.2484e-01 +3.5782e+00 +6.3008e-01 -2.7415e+00 +1.4044e-02 -2.5155e+00 -1.7177e+00 +8.3945e-01 -1.6514e+00
337 0 +1.224597376e+05 +1.223541776e+05 +1.223541776e+05 -1.8577e+00 -4.3514e+00 -6.4790e-01 -2.4718e+00 +2.6533e-01 -1.4289e+00 +2.1368e-01 -2.5610e+00 -9.8954e-01 -1.6313e+00
338 0 +4.724872900e+03 +4.619312900e+03 +4.619312900e+03 -2.7495e+00 -4.7061e+00 +3.1395e-01 -3.2795e+00 +6.8765e-02 -1.1267e+00 -1.4070e+00 -3.7304e+00 -4.0523e+00 -2.5178e+00
% f evaluations | g evaluations | best noise-free fitness - Fopt (9.803000000000e+01) + sum g_i+ | measured fitness | best measured fitness or single-digit g-values | x1 | x2...
1 0 +1.329612440e+05 +1.330592740e+05 +1.330592740e+05 +1.3459e+00 -2.2223e-01 -1.3051e+00 -4.2830e-01 -1.4550e+00 -6.4532e-01 +8.7400e-01 +1.2065e+00 +1.9210e+00 +3.2060e-01
32 0 +1.134433962e+05 +1.135414262e+05 +1.135414262e+05 -1.3260e+00 +1.1315e+00 -4.7435e-01 -3.2905e+00 -2.1290e+00 -1.1623e-01 +2.5525e-01 +2.4198e+00 -1.2978e+00 +1.7371e+00
64 0 +9.758343287e+04 +9.768146287e+04 +9.768146287e+04 +2.0675e+00 -3.1573e+00 +6.3915e-01 +1.7201e+00 +3.1961e-01 -9.7379e-01 +4.4527e+00 +2.8653e+00 -1.1028e+00 +2.4148e+00
67 0 +9.053796246e+04 +9.063599246e+04 +9.063599246e+04 +1.0051e+00 -1.7068e+00 -6.3389e-01 +2.7785e+00 -1.2344e-01 -3.8558e+00 +4.7328e+00 +4.1711e+00 -2.0506e+00 +1.9100e+00
105 0 +8.096250862e+04 +8.106053862e+04 +8.106053862e+04 +6.0492e-01 -1.2363e+00 +1.7922e-01 -1.3981e+00 -2.4858e+00 +1.8891e+00 +8.8410e-01 +2.1116e+00 -4.4289e+00 -1.6288e+00
112 0 +6.775662093e+04 +6.785465093e+04 +6.785465093e+04 +1.2696e-01 -1.5873e+00 -2.5988e-02 -2.1607e+00 -1.0775e+00 +9.3329e-01 +1.9312e+00 +3.6328e+00 -3.1887e+00 -1.5665e+00
147 0 +3.322439686e+04 +3.332242686e+04 +3.332242686e+04 -1.1685e+00 -1.7256e+00 -1.5355e+00 -2.2833e+00 -9.6752e-01 +8.1107e-01 +3.4088e+00 +1.5160e-01 +6.3814e-01 +4.6269e+00
% f evaluations | g evaluations | best noise-free fitness - Fopt (1.000000000000e+03) + sum g_i+ | measured fitness | best measured fitness or single-digit g-values | x1 | x2...
1 0 +2.915390382e+05 +2.925390382e+05 +2.925390382e+05 +4.1847e-01 -4.0883e-02 +6.0436e-02 +4.8836e-01 +7.5867e-02 +7.2648e-01 -6.9758e-01 +3.8851e-01 -1.0325e+00 -1.8537e-01
2 0 +2.855939856e+05 +2.865939856e+05 +2.865939856e+05 -4.9742e-01 +6.2656e-02 -3.0167e-02 -5.4750e-01 -2.3105e-01 -2.7988e-03 -1.1944e+00 +6.8400e-01 -2.4800e-01 +1.8764e+00
3 0 +2.140008076e+05 +2.150008076e+05 +2.150008076e+05 +6.2639e-01 +1.5361e+00 -5.2904e-01 -5.9870e-01 -1.8173e-01 -3.8217e-01 -6.4353e-01 +4.0918e-01 -8.4944e-01 -2.3631e-01
4 0 +2.108429886e+05 +2.118429886e+05 +2.118429886e+05 +3.6888e-01 +4.7097e-01 -1.8778e-01 -1.1656e+00 +9.8867e-01 +1.8739e+00 -4.1703e-02 +4.2522e-01 +2.0644e+00 -4.6691e-02
5 0 +1.268758334e+05 +1.278758334e+05 +1.278758334e+05 -4.3466e-01 -8.3846e-01 -9.4645e-02 -7.1635e-01 -2.6121e+00 -2.3024e-01 -2.9753e+00 -4.9124e-01 -8.2560e-01 -6.3359e-01
27 0 +1.139660181e+04 +1.239660181e+04 +1.239660181e+04 -2.9427e+00 +1.3110e+00 -3.3409e+00 -2.4398e+00 -1.3212e+00 -5.3813e-01 +1.8898e+00 -3.7151e+00 -3.9076e-01 +2.4001e-01
169 0 +1.056440909e+04 +1.156440909e+04 +1.156440909e+04 +6.7278e-02 +3.7871e-01 +3.6019e-01 +8.4760e-01 -1.7900e+00 -8.7970e-01 +6.3161e-01 -2.8593e+00 +3.7120e+00 +5.5468e-01
171 0 +8.219934313e+03 +9.219934313e+03 +9.219934313e+03 -3.4904e-01 -8.6023e-01 +1.5801e+00 +2.2432e+00 -1.1703e+00 -1.6705e+00 -5.4317e-01 -3.3614e+00 +3.0345e+00 -3.5472e-01
175 0 +6.861920778e+03 +7.861920778e+03 +7.861920778e+03 +7.8463e-02 +8.1652e-01 +1.9523e+00 +4.0423e-01 -1.5707e-01 -1.0153e+00 +1.9550e-01 -3.2380e+00 +4.9509e+00 +8.7558e-01
198 0 +2.145598958e+02 +1.214559896e+03 +1.214559896e+03 -1.4134e+00 +1.6503e+00 -3.6502e+00 -4.0521e+00 -2.8386e+00 -6.1931e-01 -1.2062e+00 -3.3976e+00 +1.8139e-01 -2.2409e+00
% f evaluations | g evaluations | best noise-free fitness - Fopt (1.490000000000e+00) + sum g_i+ | measured fitness | best measured fitness or single-digit g-values | x1 | x2...
1 0 +5.530764670e+05 +5.530779570e+05 +5.530779570e+05 -2.2007e-02 -7.8157e-01 -2.1793e-01 +2.2172e+00 -7.0182e-01 +1.7915e+00 -1.6565e-01 +5.4134e-01 -1.2247e+00 -1.4050e+00
3 0 +2.929693610e+05 +2.929708510e+05 +2.929708510e+05 +9.3495e-01 -2.6004e-01 -2.1748e+00 +1.3555e+00 +2.6994e+00 -4.0096e-01 +1.5922e-01 +1.4485e+00 +4.8867e-01 -1.9233e-03
10 0 +1.812672734e+05 +1.812687634e+05 +1.812687634e+05 -1.7870e-01 -1.1453e-01 -2.6969e-01 -1.8172e+00 +6.7514e-01 +2.3666e-01 +1.9268e-02 +1.7137e+00 +8.3885e-01 +8.4501e-01
25 0 +1.670940072e+05 +1.670954972e+05 +1.670954972e+05 +1.4462e+00 -6.8186e-01 -2.5235e+00 +3.1976e-01 -5.6015e-01 -3.2998e+00 -1.3666e+00 +2.1330e+00 +4.5681e+00 +2.8840e+00
50 0 +1.382669457e+05 +1.382684357e+05 +1.382684357e+05 +4.6866e+00 -1.1519e+00 -1.0137e+00 +4.0382e+00 +5.0443e-01 +1.0510e-01 +1.4333e+00 +4.4303e+00 -1.7596e+00 +3.7785e+00
53 0 +1.219055697e+05 +1.219070597e+05 +1.219070597e+05 +3.0514e+00 -2.5032e+00 -2.0716e+00 +2.8676e+00 +1.2941e+00 -4.3856e-01 +2.2040e+00 +2.9063e+00 -1.3974e+00 +2.9182e+00
92 0 +6.676577332e+04 +6.676726332e+04 +6.676726332e+04 -1.1296e+00 -3.5685e+00 -2.2355e+00 -2.7703e+00 -1.1156e+00 -1.5837e+00 -1.0048e+00 +2.6041e+00 +1.0720e+00 +2.6973e+00
309 0 +3.711560127e+04 +3.711709127e+04 +3.711709127e+04 +2.8176e+00 -2.1523e+00 -2.6105e+00 -1.6024e+00 +2.5431e+00 -1.3411e+00 -3.8456e-01 +3.1869e+00 -5.1374e-01 +4.3446e-01
741 0 +3.430041795e+04 +3.430190795e+04 +3.430190795e+04 -4.8202e-01 -1.9439e+00 -4.0911e+00 -3.5469e+00 +1.4718e+00 -7.5239e-01 +2.5958e+00 +1.8458e-01 -1.1999e+00 +3.2926e+00
% f evaluations | g evaluations | best noise-free fitness - Fopt (5.963500000000e+02) + sum g_i+ | measured fitness | best measured fitness or single-digit g-values | x1 | x2...
1 0 +3.059455687e+05 +3.065419187e+05 +3.065419187e+05 +1.2360e+00 +4.3083e-01 -8.7385e-01 -4.9537e-03 +1.0369e+00 -9.1542e-01 +1.9870e+00 +6.8356e-01 -6.5446e-01 +9.6621e-01
11 0 +1.232211609e+05 +1.238175109e+05 +1.238175109e+05 -1.9190e+00 +1.1112e-01 -1.0650e+00 +2.9385e+00 +1.6174e-01 -3.0257e+00 +4.1448e+00 -1.4372e-01 +1.6836e-01 +3.3686e+00
12 0 +8.432639902e+04 +8.492274902e+04 +8.492274902e+04 -2.4157e+00 -3.8640e-01 -2.9062e+00 +1.8821e+00 +2.3240e+00 -3.4958e+00 +3.0500e+00 -2.6125e-01 -7.5914e-01 +2.4632e+00
13 0 +7.915543984e+04 +7.975178984e+04 +7.975178984e+04 -2.1559e+00 -9.1320e-02 -3.4512e+00 +2.2862e+00 +3.0808e-01 -1.0751e+00 +3.1139e+00 +1.3684e+00 -1.1083e+00 +8.5403e-01
17 0 +6.229831513e+04 +6.289466513e+04 +6.289466513e+04 -1.7376e+00 +4.9680e-01 -5.5915e-01 +2.1891e+00 -5.0202e-02 -7.1248e-01 +4.2724e+00 +5.4469e-01 -1.4938e+00 +4.7010e+00
833 0 +4.529471904e+04 +4.589106904e+04 +4.589106904e+04 -1.4587e+00 +3.5901e-01 +2.0792e-01 +3.4111e+00 +3.4310e+00 +1.8050e+00 +3.8373e+00 +3.7376e+00 -5.6864e-01 -1.5387e+00
% f evaluations | g evaluations | best noise-free fitness - Fopt (-1.189700000000e+02) + sum g_i+ | measured fitness | best measured fitness or single-digit g-values | x1 | x2...
1 0 +7.398622573e+05 +7.397432873e+05 +7.397432873e+05 +6.2827e-01 -7.1070e-01 -1.4934e-01 -1.9155e-01 +1.8720e+00 +9.6910e-01 -6.2831e-01 +1.3062e+00 +9.3536e-01 -3.1442e-01
2 0 +5.939615095e+05 +5.938425395e+05 +5.938425395e+05 +1.6074e+00 -1.1378e+00 -9.1373e-01 +4.5705e-01 -2.3679e-01 -1.3454e-01 +1.2549e+00 +1.0594e+00 +8.8205e-01 +3.1897e-01
3 0 +5.574647920e+05 +5.573458220e+05 +5.573458220e+05 -1.1425e+00 +2.6474e+00 -6.9563e-01 +7.4127e-02 +1.7367e+00 +4.1599e-01 +5.5906e-01 +1.7189e+00 +1.7531e-01 +9.8145e-01
4 0 +4.786403214e+05 +4.785213514e+05 +4.785213514e+05 +1.2839e+00 -6.6845e-01 -8.9973e-01 +4.2602e-01 -4.4421e-02 -7.7372e-01 -7.0198e-02 -6.7107e-01 +3.7240e-01 +1.4820e+00
5 0 +2.845225347e+05 +2.844035647e+05 +2.844035647e+05 -2.6215e-01 -9.0299e-02 +3.6231e-01 +4.0242e-02 -4.7143e-01 -1.7015e+00 -6.0002e-01 -7.6716e-01 +6.5476e-01 +1.0924e+00
7 0 +2.471932635e+05 +2.470742935e+05 +2.470742935e+05 -1.9015e-02 +3.8773e-02 -5.5936e-01 -7.2218e-02 -1.9353e+00 -5.8664e-01 +3.0536e-01 -1.6086e+00 -6.0949e-02 -6.2765e-01
64 0 +4.853048375e+04 +4.841151375e+04 +4.841151375e+04 -4.7514e+00 -3.1524e+00 -2.5564e-01 +1.4146e+00 -3.4182e+00 -1.0902e+00 -8.9340e-01 +7.0752e-01 -1.7203e+00 +3.6164e+00
71 0 +8.029807970e+03 +7.910837970e+03 +7.910837970e+03 -4.4573e+00 -4.9456e+00 +4.4031e-01 +3.2190e-01 -3.5821e+00 -8.6698e-01 -2.5181e+00 -1.5463e+00 -2.8207e+00 +2.5592e-01
