% f evaluations | g evaluations | best noise-free fitness - Fopt (3.590000000000e+01) + sum g_i+ | measured fitness | best measured fitness or single-digit g-values | x1 | x2...
1 0 +1.062953304e+06 +1.062989204e+06 +1.062989204e+06 +1.3055e+00 +9.4948e-01 -7.5739e-01 +1.9285e+00 -4.8837e-01 +1.4310e+00 -1.3922e+00 +1.2735e+00 +4.6142e-01 -6.8268e-01 +2.8144e+00 +2.3101e-01 +1.1682e+00 -5.5303e-01 +1.4240e+00 -8.6870e-02 +4.4426e-01 +9.3275e-01 +3.7729e-01 +1.6018e-02
2 0 +1.027491081e+06 +1.027526981e+06 +1.027526981e+06 -1.6215e-01 +2.5153e-01 +3.5004e-01 +2.9021e-01 -6.6405e-01 +1.0289e-01 -9.1235e-01 +3.3703e-01 +1.7266e+00 -1.0672e-01 -3.5015e-01 -8.9816e-01 +7.3419e-01 +2.5499e-01 +8.8873e-01 +8.8818e-01 -5.9210e-01 -1.2325e-01 -1.7789e-01 +8.8407e-01
3 0 +8.612624790e+05 +8.612983790e+05 +8.612983790e+05 +9.2143e-02 -7.5557e-01 +8.4448e-01 +6.3721e-01 -3.4547e-01 +1.0082e+00 +4.6299e-01 +3.4558e-01 +1.3847e+00 +6.4476e-01 -9.3706e-01 -1.0708e+00 +1.0851e+00 -9.4452e-01 +1.5934e+00 -1.0849e+00 +5.3717e-02 +1.8937e+00 +5.2374e-01 +1.6623e+00
5 0 +8.456634098e+05 +8.456993098e+05 +8.456993098e+05 -6.7750e-01 +3.9491e-01 +7.9663e-01 +4.4459e-01 +2.0624e-01 -2.3798e+00 -3.4829e-01 -2.4994e-01 -5.7476e-01 +2.0047e-01 +1.3989e-01 -4.2341e-01 +1.1890e+00 -1.5952e+00 +7.1142e-01 +3.7252e-01 +8.6299e-01 +2.9935e-01 +1.7485e+00 +1.6463e+00
6 0 +7.298434086e+05 +7.298793086e+05 +7.298793086e+05 +3.8159e-02 +4.3073e-01 +1.1729e+00 -1.8960e+00 +6.9160e-02 +4.5494e-01 -5.0495e-01 +8.1765e-01 -6.0270e-01 -9.7818e-01 -4.2257e-01 +1.9972e-01 -4.4378e-01 -2.1769e+00 +4.0656e-01 +4.8006e-01 -5.4749e-01 +7.5535e-01 +2.0992e-02 -1.3474e+00
10 0 +6.314624840e+05 +6.314983840e+05 +6.314983840e+05 +5.1007e-02 +1.6536e+00 +8.8836e-01 -2.9707e-01 -3.5466e-01 -8.1057e-01 +7.1817e-01 -4.1291e-01 +1.7354e+00 +7.4170e-01 -1.3836e-01 +1.4303e+00 -1.4622e+00 +2.1624e-01 +1.6450e+00 -5.4857e-02 +3.0348e-01 +1.7948e-01 +4.8309e-01 +1.1617e+00
12 0 +5.946640980e+05 +5.946999980e+05 +5.946999980e+05 -6.3749e-02 +1.8403e+00 +2.1307e-02 +1.2197e+00 -1.6203e+00 +1.7317e+00 -1.3474e+00 -5.3986e-01 -4.6303e-01 -3.9796e-01 -5.4535e-01 +5.1154e-01 -7.3676e-02 -5.3543e-01 +1.6622e+00 -1.6583e-01 -3.2509e-01 -4.2859e-01 -9.6967e-01 +4.4715e-01
48 0 +4.721811755e+05 +4.722170755e+05 +4.722170755e+05 -1.3458e+00 +3.0045e+00 +1.2880e+00 -2.0382e-01 -7.2475e-01 -4.7917e+00 +7.7085e-02 -4.9018e+00 +1.2423e+00 +2.4187e+00 -2.8513e+00 +2.7735e+00 -1.7256e+00 +1.3751e+00 -1.6504e+00 +2.3343e-01 +3.4281e+00 -5.1076e-02 -2.9586e+00 -1.4443e+00
108 0 +4.415038425e+05 +4.415397425e+05 +4.415397425e+05 +2.6076e+00 +3.9677e-01 +2.5241e+00 -1.4548e+00 -1.0140e+00 -2.9695e+00 -2.4463e-01 -2.2174e+00 +1.0177e+00 +1.0546e+00 -3.2207e+00 -7.1014e-01 +2.8343e+00 +8.5033e-01 +1.8204e+00 -4.2171e-01 -2.6185e-01 +1.9835e+00 -1.4786e-01 -3.2428e+00
157 0 +3.730307411e+05 +3.730666411e+05 +3.730666411e+05 -4.6902e-01 -6.6291e-01 +4.7357e-01 +2.9826e+00 +8.2975e-01 +1.0142e+00 -1.5557e+00 -2.9227e+00 -2.5699e+00 -5.7745e-01 -3.7041e-01 +2.2656e+00 +1.7785e+00 -1.5257e+00 +2.2106e+00 -2.4372e+00 -1.3777e+00 +1.6180e+00 -1.6433e+00 -3.8178e+00
993 0 +3.545935430e+05 +3.546294430e+05 +3.546294430e+05 +2.8508e+00 +3.7705e+00 +2.9157e+00 -1.2948e+00 -2.4903e+00 -1.8783e+00 +6.0305e-01 -3.2117e+00 -3.1891e+00 -1.0585e+00 -2.8978e+00 -2.7891e+00 -1.7665e+00 +1.0798e+00 +1.6795e+00 +6.4185e-01 -2.7782e+00 +4.0587e-02 -1.4985e+00 +7.5977e-01
% f evaluations | g evaluations | best noise-free fitness - Fopt (3.137000000000e+01) + sum g_i+ | measured fitness | best measured fitness or single-digit g-values | x1 | x2...
1 0 +3.515427313e+05 +3.515741013e+05 +3.515741013e+05 +1.2156e+00 +2.8919e+00 +1.9228e+00 +2.0835e+00 +1.2552e+00 +6.5114e-01 -1.4519e+00 +3.9788e-01 -1.3079e-01 -1.1988e+00 -1.8813e-01 -7.6002e-02 +4.7736e-02 +2.1176e-01 +8.2882e-01 +7.2220e-01 -4.9109e-01 +2.0877e+00 -1.3130e+00 -2.4577e-01
8 0 +3.494683816e+05 +3.494997516e+05 +3.494997516e+05 -6.3994e-01 +9.7958e-01 -4.3548e-01 +3.8407e-01 +2.5175e-01 -8.2852e-01 -7.9931e-01 +1.5432e-01 +1.2562e-01 -5.5786e-01 +3.4212e-01 -1.5556e-01 -6.5085e-01 -1.3518e+00 -4.7285e-01 -7.8023e-01 -1.1481e-01 +4.0917e-02 -8.1816e-01 +8.7064e-02
9 0 +3.368819809e+05 +3.369133509e+05 +3.369133509e+05 +6.6808e-01 +1.4501e+00 +1.7224e+00 +2.1774e+00 -8.3526e-01 -1.2230e-01 +2.6646e-01 -4.8198e-01 +1.3726e+00 -1.5513e+00 -4.1101e-01 +7.5629e-01 -6.1578e-03 +8.9688e-01 +1.6433e-01 -2.5200e-01 +1.1904e-01 +1.1437e+00 -6.9040e-01 -1.4816e+00
37 0 +2.578607044e+05 +2.578920744e+05 +2.578920744e+05 +2.3393e+00 +2.2351e+00 +9.4115e-01 +2.1650e+00 -1.9457e+00 -2.6615e+00 +6.9770e-01 +2.0144e+00 -1.5527e-02 -1.3776e-01 -1.7228e-01 -2.8019e+00 -1.0308e+00 -4.6853e-01 -9.1238e-01 +1.6326e+00 +1.3454e+00 +5.8708e-01 -3.9451e+00 -7.5804e-01
40 0 +1.157067236e+05 +1.157380936e+05 +1.157380936e+05 +1.7147e+00 +2.2251e+00 -1.0372e+00 +1.3148e+00 -2.1405e+00 -1.9811e+00 -2.4455e-01 +2.9391e+00 -1.5194e+00 -1.4948e+00 -9.3418e-01 -1.2930e+00 -1.9686e-01 +1.0789e+00 -1.1139e+00 +1.9135e+00 +3.8480e-01 -1.3528e+00 -3.2995e+00 -1.7846e+00
352 0 +7.676222004e+04 +7.679359004e+04 +7.679359004e+04 +3.6763e-01 +7.7352e-01 -3.7804e+00 +2.3227e+00 +1.5014e-01 +5.7951e-02 -3.3154e+00 +3.7534e+00 -2.5425e+00 -1.0537e+00 -1.0300e+00 -6.2566e-01 +4.5890e-02 -4.3019e-01 +2.7471e+00 -9.1801e-01 +1.8081e-01 -4.3865e+00 -2.2960e+00 -4.7891e-01
358 0 +6.099332076e+04 +6.102469076e+04 +6.102469076e+04 -9.8867e-01 +1.4627e+00 -4.8776e+00 +3.3880e+00 -2.7870e+00 -4.2628e-01 -3.1695e+00 +4.6672e+00 -3.3308e+00 -3.5163e-01 -9.8534e-01 +4.2220e-01 +2.4205e-01 -1.4455e+00 +7.2554e-01 -2.0593e+00 +1.2390e+00 -4.5870e+00 -2.1902e+00 -1.5485e+00
% f evaluations | g evaluations | best noise-free fitness - Fopt (-1.000000000000e+03) + sum g_i+ | measured fitness | best measured fitness or single-digit g-values | x1 | x2...
1 0 +5.730346884e+05 +5.720346884e+05 +5.720346884e+05 +9.7414e-01 +6.5364e-01 +2.6846e-01 -7.2606e-01 -1.1782e+00 +1.7432e+00 -1.9168e+00 -3.2900e-01 -8.5431e-01 -7.7405e-01 -6.1917e-01 -1.9095e+00 +1.5769e+00 +8.1494e-01 +7.8349e-02 -3.5747e-01 +3.6279e-02 -8.5186e-02 -4.1989e-01 -1.2739e+00
2 0 +3.693217601e+05 +3.683217601e+05 +3.683217601e+05 +2.1783e-01 +1.1581e+00 +1.9833e+00 +4.8343e-01 +2.4473e-01 +9.3091e-01 -2.4031e-01 +4.9736e-01 +1.6591e-03 +1.4415e+00 -8.5394e-01 +5.8571e-01 +3.3308e-01 -6.8171e-01 -1.8759e-02 -1.2190e+00 -1.0375e+00 -7.4187e-01 -2.4501e-01 -6.3680e-01
8 0 +2.289444590e+05 +2.279444590e+05 +2.279444590e+05 -3.0625e-03 +5.4647e-01 -1.3056e+00 +3.1940e-01 +9.5107e-02 +1.5283e+00 +1.3671e+00 -1.1572e-01 +9.3256e-01 +1.2643e+00 +1.1067e+00 +6.8048e-01 +3.9206e-01 +8.3724e-01 -1.3400e+00 -5.4479e-01 -3.9914e-01 +1.5395e-01 +4.3194e-01 -3.0599e-01
310 0 +1.874788234e+05 +1.864788234e+05 +1.864788234e+05 +1.3489e+00 -2.2706e+00 -3.5951e+00 +1.9124e+00 +2.7021e+00 -2.9877e+00 +2.1665e+00 +4.2156e+00 +1.6093e+00 +2.2902e+00 -2.4030e+00 -4.2678e+00 -3.0377e+00 +1.6074e-01 -1.8630e-01 -3.6785e+00 -2.4590e+00 +2.8277e+00 +4.2211e-01 +3.8737e-01
314 0 +1.224721228e+05 +1.214721228e+05 +1.214721228e+05 +2.9665e+00 -6.4859e-01 -3.9815e+00 +6.0344e-01 +1.6285e+00 -1.4999e+00 +6.4938e-01 +3.6080e+00 +2.3326e+00 +8.7751e-01 -4.6187e-01 -1.9246e+00 -2.8509e+00 +2.9440e-01 -9.4959e-01 -3.5368e+00 -2.0974e+00 +2.4711e+00 -1.1419e+00 -2.9265e-01
474 0 +1.169418313e+05 +1.159418313e+05 +1.159418313e+05 +2.2506e+00 -1.3596e+00 -3.8988e+00 -1.9051e-01 +1.5449e+00 -1.0826e+00 -9.8659e-01 +4.3347e-01 +9.6709e-01 +2.3290e+00 -1.7653e+00 -2.0635e+00 -1.0391e+00 +1.3877e+00 -2.7037e+00 +1.3704e-01 -2.8810e+00 +2.1632e+00 -5.9667e-01 +1.4271e+00
642 0 +1.095778227e+05 +1.085778227e+05 +1.085778227e+05 +2.3710e-01 +2.0200e+00 +1.5200e+00 +2.6309e-01 -5.8043e-01 +9.4905e-02 +8.7070e-01 -3.7272e+00 +2.7922e+00 +1.4361e+00 +3.9341e+00 +1.6223e-02 -1.1495e+00 +1.8746e+00 -1.9002e+00 +1.9194e+00 -1.5900e+00 +3.2436e+00 -1.9826e+00 +3.4917e+00
1811 0 +1.004760281e+05 +9.947602811e+04 +9.947602811e+04 +4.9233e+00 -3.4824e+00 +6.9579e-02 +1.0476e+00 +2.7756e-01 +5.1106e-02 +1.9501e+00 +6.5924e-01 -1.4036e-01 +3.3541e+00 +2.4442e+00 -2.2359e+00 +1.9415e+00 +2.8738e+00 -3.3144e-01 -5.8496e-01 -2.8080e+00 +4.6494e+00 -2.8337e-01 +3.6535e+00
% f evaluations | g evaluations | best noise-free fitness - Fopt (1.319200000000e+02) + sum g_i+ | measured fitness | best measured fitness or single-digit g-values | x1 | x2...
1 0 +6.682189254e+05 +6.683508454e+05 +6.683508454e+05 -1.8932e-01 -2.6403e-01 -1.8666e-01 -1.4169e+00 -2.3615e-01 -1.2197e+00 -7.1910e-01 +6.6336e-01 +1.0572e+00 +5.1685e-01 -1.3761e+00 +1.6030e+00 +3.7203e-01 +5.1185e-01 -1.2359e+00 -1.6801e+00 +1.2743e+00 +2.1897e+00 +1.6869e+00 +1.7574e-01
7 0 +5.789281779e+05 +5.790600979e+05 +5.790600979e+05 -2.4345e-01 +2.5300e+00 -2.2212e+00 -8.0251e-01 +9.5656e-01 +7.9681e-01 -1.9190e-01 -1.2575e+00 +1.3163e-01 +1.5432e+00 -1.1584e+00 +7.7910e-01 +1.5786e-01 +6.8194e-01 -1.1254e-01 +3.5230e-01 +5.2193e-01 +2.2577e-01 -1.6502e+00 +8.8229e-01
80 0 +5.722094593e+05 +5.723413793e+05 +5.723413793e+05 -1.9908e+00 -9.5509e-01 -4.7490e-01 -2.8195e-01 -1.3346e+00 -5.6667e-01 +5.4735e-01 +4.4791e+00 -4.7538e+00 +2.4946e+00 +1.7485e+00 +2.0232e-01 -7.5423e-01 +4.0369e+00 -2.9969e-01 -2.4108e+00 +2.6236e+00 +2.5793e+00 -3.4455e+00 -4.7088e-01
81 0 +4.536946797e+05 +4.538265997e+05 +4.538265997e+05 -2.7732e+00 +5.5142e-01 -5.8495e-01 +1.9445e+00 -1.3028e+00 -2.5385e+00 +7.0738e-01 +1.9294e+00 -3.1226e+00 +4.4076e+00 +2.9256e+00 +2.3727e+00 -1.7724e+00 +4.7792e+00 -1.2944e+00 -1.7859e+00 +1.4212e+00 +4.5537e-01 -4.1290e+00 +1.3441e+00
84 0 +3.915018456e+05 +3.916337656e+05 +3.916337656e+05 -3.6734e+00 +1.3675e+00 -2.9156e+00 +2.8347e+00 -1.0632e+00 -8.8539e-01 +1.0665e+00 +2.6176e+00 -4.5434e+00 +4.3078e+00 +2.6037e+00 +2.7768e+00 -2.2965e+00 +1.2793e+00 -2.5198e+00 -2.2046e+00 +8.2367e-01 +2.0659e+00 -3.0159e+00 -9.1394e-02
371 0 +3.719435172e+05 +3.720754372e+05 +3.720754372e+05 -2.0946e+00 -2.3151e+00 -1.5935e+00 +1.6677e+00 -1.9659e+00 -3.6502e+00 -2.2880e-01 +3.7259e+00 -7.7914e-01 +3.8057e+00 -8.3061e-01 +7.6833e-01 -2.3547e+00 +2.9844e+00 +9.0721e-01 +4.2288e-01 +5.3779e-01 +2.6491e+00 -2.4997e+00 +2.4772e-01
443 0 +3.087665516e+05 +3.088984716e+05 +3.088984716e+05 -2.0272e+00 +2.7944e+00 -1.2841e+00 +3.3929e-01 +1.5193e-02 -1.2369e+00 -4.4078e+00 -1.7971e-01 -4.4396e+00 +2.7093e+00 -1.7954e+00 +1.4206e+00 -3.6559e+00 +2.4408e+00 -2.3497e+00 -2.9481e+00 +2.7701e+00 +1.3088e+00 +1.1763e+00 -2.1717e+00
% f evaluations | g evaluations | best noise-free fitness - Fopt (5.908400000000e+02) + sum g_i+ | measured fitness | best measured fitness or single-digit g-values | x1 | x2...
1 0 +1.874857608e+05 +1.880766008e+05 +1.880766008e+05 +5.1832e-01 -3.5171e-01 +3.2558e-01 -3.5187e-01 -1.3135e-01 +2.4909e-01 -1.3170e+00 -2.8099e-01 +1.0568e+00 +3.2056e-01 +1.5209e+00 -1.1395e+00 +1.5113e+00 +4.6004e-01 -1.3620e-01 +1.9441e+00 -3.4090e-02 +5.5933e-01 +2.1810e-01 -1.3328e+00
2 0 +1.385736666e+05 +1.391645066e+05 +1.391645066e+05 +1.1330e-01 +4.8485e-01 -4.5526e-01 -7.1539e-01 -1.5060e+00 +4.6968e-01 +8.9872e-01 -5.4556e-01 -1.3259e-01 +8.8169e-01 +8.5896e-01 -5.0495e-01 +1.6650e+00 +1.2029e+00 +8.9023e-01 -4.6529e-01 -8.9338e-01 +1.6402e+00 -6.3369e-02 -5.2102e-01
12 0 +9.635284691e+04 +9.694368691e+04 +9.694368691e+04 +3.1075e-01 -1.6162e+00 -7.2953e-01 +5.7937e-01 -7.5684e-01 -4.2354e-01 +8.2926e-01 +3.6678e-01 +6.4371e-01 +8.9147e-01 +1.0593e+00 +1.0598e+00 +2.9495e-01 -3.9344e-01 +6.5321e-02 -1.1759e+00 -1.4050e+00 -1.4957e+00 -6.7585e-01 +1.3574e+00
43 0 +4.823235254e+04 +4.882319254e+04 +4.882319254e+04 -1.4434e+00 +6.3388e-01 +2.9716e+00 +2.1016e-03 +9.5382e-01 -7.8374e-01 +4.2363e+00 -4.9267e-01 +4.5695e+00 +3.5091e+00 -1.6543e+00 +1.2514e+00 -2.7143e-01 +2.8552e+00 +7.0244e-01 +9.7334e-01 -2.2928e+00 +1.3748e+00 +3.1159e+00 -1.5338e+00
224 0 +4.093532809e+04 +4.152616809e+04 +4.152616809e+04 -2.3777e+00 -1.6283e+00 +3.0095e+00 +1.0751e-01 +7.4506e-01 +1.2269e+00 -1.6454e+00 -3.9021e+00 +3.6706e+00 +1.2909e+00 -1.8307e+00 +3.2580e+00 -4.0340e+00 +3.9671e+00 +2.4472e+00 +3.2482e-01 -1.0688e+00 -1.0281e+00 +1.6531e+00 +9.4342e-01
242 0 +3.412394392e+04 +3.471478392e+04 +3.471478392e+04 -8.1620e-01 +1.3449e-01 -9.4283e-01 +2.0538e+00 +1.7910e+00 -1.3755e+00 -1.3732e+00 -1.8467e-01 +4.4351e-02 +1.7871e+00 +6.0734e-01 +1.5534e+00 -3.3623e-02 +2.3976e+00 +3.3102e+00 -1.1942e+00 -1.4397e+00 -1.5676e-01 +1.4400e-01 +2.0844e+00
% f evaluations | g evaluations | best noise-free fitness - Fopt (6.749000000000e+01) + sum g_i+ | measured fitness | best measured fitness or single-digit g-values | x1 | x2...
1 0 +3.542193951e+05 +3.542868851e+05 +3.542868851e+05 -1.1412e+00 -3.1357e-01 -8.1888e-02 +1.0920e+00 +5.6921e-01 -7.9192e-01 -1.8099e+00 +8.8191e-01 +9.3827e-02 +5.6075e-01 -7.7919e-01 +7.0509e-01 -9.4464e-01 +1.9574e+00 +5.8880e-01 -3.3454e-01 -6.8979e-02 +9.6256e-01 -1.0233e+00 +5.8119e-01
2 0 +3.399172483e+05 +3.399847383e+05 +3.399847383e+05 -1.3088e+00 -1.0671e-01 +2.7308e-01 +1.5991e+00 -1.2645e+00 +1.8135e-01 -1.7563e+00 +2.9485e-01 +6.0766e-01 -3.9572e-02 +3.7936e-02 -2.0483e+00 -1.3345e+00 -9.3668e-01 +5.3174e-01 +6.3799e-01 +1.0977e+00 +1.4581e-01 -9.0934e-01 +9.1606e-01
3 0 +3.255141333e+05 +3.255816233e+05 +3.255816233e+05 -7.0612e-01 +7.9191e-01 -1.1797e+00 +1.3461e+00 +2.4645e+00 +3.8857e-01 +2.9188e+00 -8.0926e-01 -8.1737e-01 +7.0627e-01 -2.4539e-01 -1.6981e+00 -3.9543e-01 +5.5622e-01 +3.7781e-02 -6.7249e-03 +2.7335e-01 -3.5565e-01 -1.6109e+00 +5.9312e-01
4 0 +2.922868975e+05 +2.923543875e+05 +2.923543875e+05 +4.9815e-01 +1.5892e+00 +1.5436e+00 +2.7245e-01 -7.3695e-03 +3.4425e-01 +6.4567e-01 -5.4256e-01 +6.4033e-01 -6.1316e-01 -4.7492e-01 +7.7196e-01 -1.6202e-01 +1.4987e+00 -3.5016e-01 -4.8255e-01 -2.4841e-01 -4.2169e-01 -1.0417e-01 -1.0017e+00
11 0 +2.148405063e+05 +2.149079963e+05 +2.149079963e+05 -7.4880e-01 +5.6661e-01 -2.3030e-01 -1.4634e+00 -6.9132e-01 -3.6983e-01 -5.1038e-01 -2.7239e-01 +9.6658e-01 -9.3413e-02 -7.7297e-01 +1.3400e+00 +4.9231e-01 -8.7075e-01 +7.7550e-01 -1.6066e+00 -7.5533e-02 -1.7501e+00 -5.3910e-01 -1.0029e+00
179 0 +2.123834932e+05 +2.124509832e+05 +2.124509832e+05 -7.4616e-01 +2.7256e-01 -2.0037e+00 +6.6807e-01 +4.0959e-02 +2.0441e+00 -7.8038e-01 -2.3421e+00 +3.4144e+00 -9.5328e-01 +3.6631e-01 +2.7669e+00 -2.2983e-01 -2.7372e-01 -3.3307e+00 -2.4431e+00 +1.9509e+00 -3.1922e+00 +1.3936e+00 -1.4036e+00
408 0 +1.368948743e+05 +1.369623643e+05 +1.369623643e+05 -2.9887e+00 +7.2511e-01 -6.7136e-01 +1.8484e+00 +2.4641e+00 +1.8219e+00 -1.8134e+00 -1.4249e+00 -2.6913e-01 -4.7166e-01 -1.1002e+00 -1.3389e+00 -2.2362e+00 -3.3407e-02 +1.2043e+00 -4.9287e+00 +2.6948e+00 -2.6629e+00 -2.4452e+00 -1.8052e+00
775 0 +1.069993039e+05 +1.070667939e+05 +1.070667939e+05 +2.2315e-01 -3.8944e+00 +7.6812e-01 +2.8196e+00 -2.3122e+00 +7.6862e-01 -2.7763e+00 -3.3267e+00 -5.9837e-01 +3.6978e+00 +3.8969e+00 +8.6686e-01 +2.1887e-01 -2.1506e+00 -1.1412e+00 -1.5361e+00 +5.4945e-01 -1.8421e+00 -2.7251e+00 +4.2088e-01
778 0 +8.681029447e+04 +8.687778447e+04 +8.687778447e+04 +8.8327e-01 -2.5869e+00 +2.8073e-01 +2.7395e+00 -2.9900e+00 +7.3739e-01 -2.0793e+00 -4.7538e+00 -1.8951e+00 +1.9943e+00 +2.4905e+00 +8.8482e-01 +9.6511e-01 -1.1731e+00 +8.9107e-01 -1.6999e+00 -1.1921e-01 -1.9848e+00 -2.9824e+00 -4.3056e-01
% f evaluations | g evaluations | best noise-free fitness - Fopt (3.085000000000e+01) + sum g_i+ | measured fitness | best measured fitness or single-digit g-values | x1 | x2...
1 0 +2.274011397e+05 +2.274319897e+05 +2.274319897e+05 -8.1236e-01 -5.0087e-01 -1.1889e+00 -5.3672e-01 -6.9785e-01 +2.4209e+00 -3.8240e-01 +9.8883e-02 +7.6534e-01 -2.8689e-01 -1.3395e+00 +1.0017e+00 +8.0403e-01 -1.1482e-01 -6.3387e-01 -1.3231e-01 -3.3674e-01 -1.1625e-01 +8.0998e-01 -1.9183e+00
4 0 +1.261760561e+05 +1.262069061e+05 +1.262069061e+05 +6.3128e-01 +3.8947e-01 -4.6811e-01 +2.3089e+00 +4.3498e-02 +2.6718e-01 -7.7282e-01 +7.0864e-01 +5.6344e-01 +7.3987e-02 -3.1070e+00 -2.9615e-01 -8.7972e-02 +1.5048e+00 -2.6953e-01 -6.5071e-01 +8.0886e-01 +9.2609e-01 +1.0289e+00 -2.8725e-01
116 0 +1.215261517e+05 +1.215570017e+05 +1.215570017e+05 +7.1842e-01 -2.8976e+00 -3.6694e+00 -1.9917e+00 -8.9696e-01 -1.3736e+00 +2.3157e+00 +1.4489e+00 -6.8454e-01 -5.0796e-01 +1.5271e+00 -7.4209e-01 -1.4402e+00 -2.1807e+00 -8.4693e-01 -1.3212e+00 -7.6583e-01 -1.3170e+00 -4.8156e-01 -1.4907e+00
783 0 +9.353645878e+04 +9.356730878e+04 +9.356730878e+04 +1.2757e+00 +1.9598e+00 +9.3792e-01 +3.4762e+00 +2.8562e+00 -1.3467e+00 +4.3392e+00 -1.5976e+00 +4.8762e-01 -1.7050e+00 -1.8060e+00 -9.0814e-01 +4.8579e-01 -1.8466e+00 -2.4214e+00 -1.6267e+00 +1.2322e+00 +1.5706e+00 -1.8771e+00 +4.3704e+00
813 0 +8.125175725e+04 +8.128260725e+04 +8.128260725e+04 -1.0790e+00 -5.1527e-02 -2.5285e+00 +1.2116e+00 -8.1319e-01 +1.1071e+00 -1.0416e+00 -1.2719e-01 +2.0995e+00 -2.4315e+00 +9.2559e-01 -2.5633e+00 +2.6169e-01 +4.1918e+00 -2.3748e+00 +2.0664e+00 +3.7610e+00 +2.9776e+00 -4.1144e-01 -1.7639e-02
% f evaluations | g evaluations | best noise-free fitness - Fopt (-1.255000000000e+01) + sum g_i+ | measured fitness | best measured fitness or single-digit g-values | x1 | x2...
1 0 +4.250313343e+05 +4.250187843e+05 +4.250187843e+05 -6.8847e-01 -3.1388e-01 +3.7978e-02 -1.5577e+00 -1.2538e+00 -7.9363e-01 +2.3268e+00 +1.9439e-01 -3.2775e-01 +1.8325e+00 +1.2092e+00 +2.2510e+00 +2.3024e-01 -1.4279e-01 +9.4570e-01 +7.7634e-01 +9.6351e-01 -4.7261e-01 -6.5753e-01 +6.8915e-01
2 0 +3.169667160e+05 +3.169541660e+05 +3.169541660e+05 -9.7588e-01 -2.0205e+00 +1.3170e+00 +2.2177e+00 -1.1343e+00 -1.8604e-01 +1.7704e+00 -9.5789e-01 +3.4011e-01 +2.9265e-01 +2.2358e-02 +1.0589e+00 -6.3195e-01 -1.2008e+00 -1.5736e+00 +2.3081e-01 +4.4448e-01 -4.1611e-01 -5.2351e-01 -4.6898e-01
7 0 +3.118938956e+05 +3.118813456e+05 +3.118813456e+05 +9.1303e-01 -1.5508e+00 +2.0364e-01 +2.7468e-01 +7.8456e-01 -3.7277e-01 +8.5587e-02 -1.9242e-01 -1.2297e+00 -1.5268e+00 +5.7521e-01 -6.5048e-01 -2.6965e-01 -7.4687e-01 -8.0435e-01 -4.6816e-01 -1.1173e+00 -7.8385e-01 +1.2194e+00 -1.2730e+00
10 0 +1.991242011e+05 +1.991116511e+05 +1.991116511e+05 +3.8062e-01 +1.0846e+00 +9.9587e-01 -5.2700e-01 +5.5177e-01 -1.0804e+00 -2.5068e-01 +8.2308e-01 -7.1731e-01 +6.8729e-01 +6.9620e-01 +1.8281e+00 -1.5403e+00 -2.3707e-01 -2.1130e+00 +1.2573e-01 -6.2153e-01 +1.1587e+00 -3.1165e-01 -5.8245e-01
196 0 +1.426232556e+05 +1.426107056e+05 +1.426107056e+05 +2.1357e+00 -2.5142e+00 +3.4438e-01 +2.6712e+00 -1.5273e+00 -2.3387e+00 +2.3848e+00 +6.2714e-01 +4.8434e-01 -3.1557e+00 +5.6168e-01 +2.6672e+00 -2.8019e-01 +2.3300e+00 -1.5171e-01 -6.7095e-01 -1.3967e+00 -3.0562e+00 -4.2465e+00 -2.3382e+00
361 0 +1.195670900e+05 +1.195545400e+05 +1.195545400e+05 -7.2641e-02 +9.2117e-01 +1.4393e+00 -1.7464e-01 +2.3083e+00 -2.5324e+00 +1.2239e+00 -2.1893e+00 -4.6677e-01 -2.7755e+00 +1.3287e+00 +3.5674e+00 -2.5508e+00 -1.8726e+00 -2.9244e-01 -3.3721e+00 +8.2457e-01 +2.2458e-02 +2.7110e-01 -5.6533e-01
829 0 +1.123806950e+05 +1.123681450e+05 +1.123681450e+05 +1.4450e-02 +2.3867e-02 +2.5426e+00 +3.1672e+00 +2.0266e+00 -2.9487e-01 -2.2576e+00 +2.2678e+00 +1.4794e+00 -4.7356e-01 +2.8541e+00 +6.0858e-01 -1.7345e+00 -1.2429e+00 -3.3881e+00 -5.9838e-01 -5.2487e-01 +3.5278e-01 -1.8307e+00 +1.0933e+00
922 0 +9.330736318e+04 +9.329481318e+04 +9.329481318e+04 -1.9276e+00 -3.7247e-01 +2.3063e+00 +1.3148e-01 +4.6533e+00 -3.1958e+00 -2.3481e+00 +1.3878e+00 +2.8005e+00 +4.7166e-01 +4.3769e+00 +3.7473e+00 +4.8528e+00 +2.4234e-01 -2.5772e+00 -1.0044e+00 -7.9841e-02 +2.6001e+00 -1.8793e+00 -4.3796e+00
923 0 +8.666620734e+04 +8.665365734e+04 +8.665365734e+04 -5.1429e-01 -4.2994e-01 +1.9655e+00 +1.3578e+00 +3.7125e+00 -2.7695e+00 -9.1343e-01 +3.8469e+00 +1.0313e+00 +2.1626e-01 +1.1674e+00 +4.6683e+00 +3.6734e+00 -4.5920e-01 -3.5775e-01 -1.8720e+00 -1.0916e+00 +4.0968e+00 -1.9931e+00 -2.8094e+00
% f evaluations | g evaluations | best noise-free fitness - Fopt (5.383900000000e+02) + sum g_i+ | measured fitness | best measured fitness or single-digit g-values | x1 | x2...
1 0 +1.107850067e+06 +1.108388457e+06 +1.108388457e+06 -1.7523e+00 +2.2698e+00 +7.1321e-01 -2.3546e-01 -1.8551e+00 +3.7293e-01 -4.0009e-01 +2.0362e-01 -1.0323e+00 +1.3233e+00 -1.0577e+00 +6.8320e-01 -5.5506e-02 -1.6834e+00 -2.2421e+00 -1.1710e+00 +6.5349e-01 +1.2632e+00 -1.5243e+00 +7.0068e-02
2 0 +6.019248265e+05 +6.024632165e+05 +6.024632165e+05 -1.1081e+00 -2.1394e-01 +6.2774e-01 -8.5651e-01 +9.9636e-01 +6.7016e-01 +3.1350e-01 -1.0673e+00 -5.9207e-01 -3.9379e-01 -1.0525e+00 +4.5046e-01 +6.2214e-01 -3.5857e-01 +1.9767e+00 -4.6234e-01 -1.2603e+00 -1.0748e+00 +1.4601e+00 +1.1559e+00
3 0 +5.016525900e+05 +5.021909800e+05 +5.021909800e+05 +2.0203e+00 +6.7949e-01 +6.4508e-02 +1.3985e+00 -9.0827e-01 +2.7410e-01 +1.3863e+00 -1.1836e-01 -1.1411e+00 +1.5027e+00 -7.1304e-02 -1.2366e+00 +4.7897e-01 +8.4215e-02 +8.5793e-01 -5.2717e-01 -9.8195e-01 -9.8004e-01 +1.0604e+00 -6.8220e-01
4 0 +4.679965569e+05 +4.685349469e+05 +4.685349469e+05 -1.5884e+00 -8.2764e-02 +4.5205e-01 +7.0946e-01 +7.0216e-02 -4.2342e-01 -7.8783e-01 -1.7322e-01 -1.5594e+00 +1.2873e-01 +1.1461e+00 -1.3415e+00 +2.9713e-01 +8.0294e-01 -1.3790e-01 +1.1231e+00 -1.5219e+00 +6.5482e-02 +7.2517e-01 -1.0035e+00
9 0 +3.348709791e+05 +3.354093691e+05 +3.354093691e+05 +1.7826e+00 +1.3513e+00 +1.1012e-01 +1.0088e+00 -6.6317e-01 -7.3084e-01 +6.7734e-01 +9.4732e-02 +1.9297e+00 +4.0730e-01 -3.4109e-01 -2.0744e-01 +5.4960e-03 +9.9178e-01 -5.3690e-01 +1.5054e+00 +2.8112e-01 +8.5902e-02 +1.0813e+00 +7.7481e-01
24 0 +3.062956576e+05 +3.068340476e+05 +3.068340476e+05 -1.1028e+00 +2.9343e-01 -5.3146e-01 -8.6666e-01 +4.2955e+00 +2.2687e+00 -1.6637e+00 +1.8299e+00 -1.3744e+00 +1.2694e+00 -1.4013e-01 +1.7056e+00 +1.0100e+00 -1.8837e+00 -3.6381e+00 +7.3604e-01 -1.7750e-01 -2.2269e+00 +3.8771e+00 +2.3481e+00
45 0 +1.835600262e+05 +1.840984162e+05 +1.840984162e+05 +3.2721e+00 -8.7680e-01 -9.0619e-01 +8.5493e-02 +3.3872e+00 +3.4201e+00 -1.1357e+00 +2.1233e-01 -2.1250e+00 +8.4978e-02 +2.9237e+00 +8.9860e-01 -6.5368e-01 -6.4415e-01 -1.4745e-01 +3.2571e-01 -2.6521e+00 -1.4660e+00 +1.2973e+00 +4.2295e-01
46 0 +1.768796820e+05 +1.774180720e+05 +1.774180720e+05 +4.8929e+00 -8.7587e-01 +5.6147e-01 -1.9679e+00 +2.7882e+00 +1.4152e+00 -1.0732e+00 -1.8260e+00 -2.6649e+00 -5.0925e-01 +9.1472e-01 -3.5645e-01 +7.4977e-01 +9.7514e-01 -1.4306e+00 +1.6628e+00 -2.5958e+00 -1.2360e+00 +3.4613e-01 +1.9489e+00
599 0 +1.334144909e+05 +1.339528809e+05 +1.339528809e+05 +3.5680e+00 -2.4916e+00 +3.0426e-01 +4.0138e-01 +4.3779e+00 -2.1161e+00 +4.3278e-01 -9.2166e-01 -1.7964e-01 +4.6736e+00 +1.5035e+00 -4.2888e+00 +3.0282e+00 +6.6402e-01 -1.3197e+00 +9.0595e-01 -8.6081e-01 -2.4789e+00 +7.4456e-01 -1.7417e+00
601 0 +1.064271196e+05 +1.069655096e+05 +1.069655096e+05 +1.9244e+00 -2.1258e+00 +3.7854e-01 -3.4071e-01 +1.5803e+00 -3.9403e+00 -4.3435e-01 +1.3991e+00 +2.6342e-01 +2.8924e+00 +1.8383e+00 -3.8404e+00 +2.1150e+00 +1.0476e+00 -4.0606e+00 +9.1076e-01 -8.6706e-01 -1.3870e+00 +4.7192e-01 -2.4872e+00
604 0 +9.200674979e+04 +9.254513979e+04 +9.254513979e+04 +1.5119e+00 -1.6612e+00 +2.3299e+00 +1.0093e+00 +1.7305e+00 -3.1218e+00 -1.4604e+00 +2.3795e-01 -1.0754e+00 +2.8508e+00 +2.5140e+00 -3.3062e+00 +3.7399e+00 +4.5482e-02 -3.0291e+00 +7.2200e-02 -1.2402e+00 -2.2685e+00 +1.1778e+00 -3.1208e+00
% f evaluations | g evaluations | best noise-free fitness - Fopt (-1.055600000000e+02) + sum g_i+ | measured fitness | best measured fitness or single-digit g-values | x1 | x2...
1 0 +5.919827444e+05 +5.918771844e+05 +5.918771844e+05 +2.1473e+00 -8.9448e-01 +9.9094e-01 -5.2990e-01 +8.2459e-02 -1.5814e-01 +3.0252e-01 +1.5795e+00 -1.5468e+00 -8.9125e-01 -1.4216e-01 -1.8316e+00 -1.0903e-01 +4.2524e-01 +8.1725e-01 +6.5842e-01 +1.7726e+00 +5.1784e-01 +1.3308e+00 +7.5540e-01
7 0 +4.868753839e+05 +4.867698239e+05 +4.867698239e+05 +3.6181e-02 -1.4263e+00 +1.4948e+00 +8.2666e-01 -3.6451e-01 -9.7610e-01 -2.5145e+00 +1.6442e+00 -1.3546e+00 -5.5957e-01 -1.9592e+00 -2.8684e-01 +4.1430e-01 +2.9788e-02 -1.6355e+00 -1.5782e+00 +1.6984e+00 -4.6392e-01 +1.7147e+00 +1.0632e+00
203 0 +3.883963779e+05 +3.882908179e+05 +3.882908179e+05 -1.2232e+00 -6.8435e-01 -9.3202e-01 +1.7862e+00 -3.9947e+00 -8.5418e-01 +8.8489e-01 +3.3092e+00 +1.3029e+00 +2.7448e+00 +2.1147e-01 -3.6323e+00 -4.7803e-01 -1.4028e+00 +1.6937e+00 +2.3264e-01 -4.0522e+00 -1.5694e+00 +8.1652e-01 -3.2022e-01
210 0 +3.103536672e+05 +3.102481072e+05 +3.102481072e+05 -1.5559e+00 -1.9007e+00 -5.0772e-01 +3.6900e-01 -3.9738e+00 +3.6064e-01 +1.2472e+00 +2.4288e+00 +1.0402e-01 +1.2295e+00 -4.4470e-01 -3.1896e+00 +3.1590e-01 -2.0774e+00 +1.6404e+00 +9.4696e-02 -2.6064e+00 -2.9049e+00 +8.1946e-01 +6.1898e-01
1298 0 +2.898670080e+05 +2.897614480e+05 +2.897614480e+05 +1.0898e+00 -2.3146e+00 -1.9372e+00 +1.7935e+00 -1.1026e+00 +5.8526e-01 -4.7053e+00 -1.6499e+00 +3.6538e+00 -8.4336e-02 -2.6993e+00 -1.2638e+00 +4.4898e+00 +3.2434e+00 +4.1336e+00 +1.3281e+00 +1.8475e+00 -2.5552e+00 +4.6671e+00 -1.9820e-01
% f evaluations | g evaluations | best noise-free fitness - Fopt (9.803000000000e+01) + sum g_i+ | measured fitness | best measured fitness or single-digit g-values | x1 | x2...
1 0 +8.935207133e+05 +8.936187433e+05 +8.936187433e+05 +4.8885e-01 +5.9292e-01 -5.6571e-01 -7.1743e-01 +1.2340e+00 -1.3184e+00 +1.4859e+00 -5.6140e-01 -5.1280e-01 +1.8103e+00 +2.8167e-01 -3.0435e-02 -1.0691e+00 +2.7413e-01 +1.0222e+00 +3.9976e-01 +3.9013e-01 -9.3457e-01 -1.5777e-01 -1.5159e-01
2 0 +8.817107324e+05 +8.818087624e+05 +8.818087624e+05 -9.8642e-01 +4.2590e-01 +9.5655e-01 -1.8825e+00 -3.6145e+00 +3.1153e+00 +2.1038e+00 +1.3192e-01 -1.4289e-01 +4.7706e-01 -8.3188e-01 +4.0279e-01 +1.0056e+00 -5.3899e-01 -5.2351e-01 -1.8029e+00 -1.1843e+00 -1.1153e+00 +1.6854e+00 +1.4653e+00
4 0 +5.980004995e+05 +5.980985295e+05 +5.980985295e+05 +5.2686e-01 +1.9007e+00 +1.4239e+00 +6.9185e-01 +2.9704e-01 +2.7522e-01 -6.2973e-01 +6.1649e-01 -1.7719e+00 +4.8780e-01 -9.3507e-01 +1.0466e+00 -1.5821e+00 -3.2888e-01 -5.4008e-01 +5.4980e-01 +1.9868e-01 -8.6314e-01 -7.1093e-01 -2.2123e+00
6 0 +5.823060505e+05 +5.824040805e+05 +5.824040805e+05 -7.5937e-01 +1.2218e-01 -1.3013e-01 -6.5335e-03 +5.8999e-02 -1.2398e+00 -1.0003e+00 +1.8491e-01 +3.5809e-01 +9.0467e-01 +3.9096e-01 +3.9598e-01 -1.4482e+00 +9.5182e-01 +1.7503e+00 +4.4101e-01 +2.2096e+00 -2.4506e-01 +6.1844e-01 +1.2280e+00
7 0 +5.697972454e+05 +5.698952754e+05 +5.698952754e+05 -4.6388e-01 +6.5958e-01 -5.8586e-02 +8.7216e-01 -3.3461e-01 +8.4787e-02 -2.3478e-01 +1.0271e-02 -1.3777e+00 -1.6080e+00 +5.3603e-01 +2.6403e-01 -1.2759e-01 +2.4415e+00 -1.3499e+00 +6.5522e-01 +5.8060e-01 +3.0887e-01 -4.8734e-01 +1.6548e+00
71 0 +5.604478552e+05 +5.605458852e+05 +5.605458852e+05 -3.0972e+00 -8.8056e-01 -4.1193e+00 +6.1895e-01 +7.4503e-01 -2.4362e-01 +2.8072e+00 +4.4431e+00 -4.2645e-01 +3.5987e-01 -1.0419e+00 -1.3360e+00 -1.7084e-01 +1.1880e+00 -9.9465e-01 +2.1595e+00 +2.5405e+00 +7.7141e-01 +2.3547e+00 +2.0369e+00
76 0 +5.483106500e+05 +5.484086800e+05 +5.484086800e+05 +1.9779e+00 -4.6268e-01 -2.4075e+00 +3.9894e+00 +1.3767e+00 -2.8893e+00 +9.7913e-01 +2.1734e+00 -4.0249e-01 -2.0059e+00 -9.3229e-01 +6.5002e-01 +2.7513e+00 +1.6941e+00 +2.5676e+00 +5.8105e-01 +3.4604e+00 -1.6517e-01 +3.2497e+00 +3.5652e-02
193 0 +5.328048578e+05 +5.329028878e+05 +5.329028878e+05 +2.5931e+00 -1.9840e+00 -3.7086e-01 -1.4512e+00 +1.8957e-01 +8.6578e-01 +6.1207e-01 +4.4319e+00 +2.2953e+00 +1.0429e+00 -9.8316e-01 -2.6967e+00 -5.6604e-01 +2.0443e+00 +7.1147e-01 -1.0228e+00 +3.2918e-01 +1.5170e-01 +8.3853e-01 -1.0953e+00
199 0 +4.942163675e+05 +4.943143975e+05 +4.943143975e+05 +3.9350e+00 -3.3813e+00 -1.4714e+00 +4.4255e-01 -1.9047e+00 +1.9806e+00 +1.7340e+00 +4.3963e+00 +1.5959e+00 -1.0421e+00 -9.5783e-01 -1.6044e+00 -1.5326e+00 +3.6907e+00 +6.6729e-01 -6.3665e-01 -1.1586e+00 +1.3602e+00 -6.1654e-03 +3.8418e-01
331 0 +3.477675263e+05 +3.478655563e+05 +3.478655563e+05 -2.4791e+00 -2.8410e+00 -1.3986e+00 +9.6108e-01 +1.6961e-01 -2.8286e-01 -3.0303e-01 +7.3813e-01 -4.9487e+00 -8.8561e-01 -2.5334e+00 +9.7350e-01 +4.3978e+00 -1.1073e+00 -1.9588e+00 +7.7359e-01 +4.4522e+00 -1.6111e-01 +2.9850e+00 -2.7641e+00
333 0 +3.293207211e+05 +3.294187511e+05 +3.294187511e+05 -2.9556e+00 -5.9247e-01 +9.9487e-02 +7.9533e-01 +1.1591e+00 -1.2394e+00 -8.1836e-01 +3.6958e+00 -4.3358e+00 +6.5161e-01 -1.8792e+00 +1.0410e+00 +3.0084e+00 -3.1402e-01 -3.7963e+00 +2.3265e+00 +4.2508e+00 -7.7224e-01 +1.7207e+00 -3.6431e+00
334 0 +3.063514379e+05 +3.064494679e+05 +3.064494679e+05 -2.8237e+00 -2.9185e+00 -1.2816e+00 +2.2603e+00 +2.2460e+00 -8.5202e-01 -1.2748e+00 +1.8719e+00 -4.0652e+00 -4.9853e-01 -4.2790e+00 +2.5367e+00 +2.7128e+00 -1.2942e+00 -3.7469e+00 +6.8953e-01 +4.0975e+00 -2.1465e+00 +4.8370e+00 -4.2101e+00
335 0 +2.127349986e+05 +2.128330286e+05 +2.128330286e+05 -2.6835e+00 -2.9059e+00 +3.4492e-01 +1.4592e+00 +1.0577e-01 +5.4182e-02 -3.6550e+00 +2.8339e+00 -4.7449e+00 -2.7642e-01 -4.7084e+00 +1.1354e+00 +2.9305e+00 +3.0185e-01 -2.0319e+00 +1.7942e+00 +3.1547e+00 -3.2075e-01 +1.3074e+00 -2.7127e+00
465 0 +1.829344498e+05 +1.830324798e+05 +1.830324798e+05 +1.0656e+00 -3.3430e+00 -2.5374e+00 +8.2460e-01 +2.4712e-01 -1.7010e+00 -2.1892e+00 +2.3491e+00 -8.6741e-01 -1.6003e+00 -4.9179e+00 +1.0737e+00 +8.7882e-01 +1.6836e+00 +1.7111e-01 -1.3808e+00 +9.6800e-01 -2.2614e+00 +4.0667e+00 -3.8110e+00
% f evaluations | g evaluations | best noise-free fitness - Fopt (1.000000000000e+03) + sum g_i+ | measured fitness | best measured fitness or single-digit g-values | x1 | x2...
1 0 +4.543067235e+05 +4.553067235e+05 +4.553067235e+05 -4.6970e-01 +5.2086e-01 -6.2479e-01 +7.0675e-01 -8.4211e-01 +3.7239e-01 +5.1550e-01 +6.3037e-02 +9.7609e-01 -1.4021e+00 -5.0348e-02 +1.6516e+00 -1.8548e+00 +1.3359e+00 +5.5949e-01 +1.9417e+00 -6.0047e-01 +7.1723e-01 +1.4403e+00 +1.6309e-01
2 0 +3.238194223e+05 +3.248194223e+05 +3.248194223e+05 -1.5271e+00 -1.2204e+00 -5.3369e-01 +2.6676e+00 -7.8617e-02 +5.1158e-01 +1.0273e+00 -9.7947e-01 +1.0170e+00 +1.9037e+00 -2.3532e+00 -1.0944e+00 -6.3161e-01 -3.3836e-01 -1.3860e-01 +4.1376e-01 -1.2994e-01 -3.1030e-01 +6.3382e-01 -1.4713e+00
57 0 +3.137035710e+05 +3.147035710e+05 +3.147035710e+05 -1.4457e+00 +1.7155e+00 -2.3233e+00 +3.5746e+00 +8.4408e-02 -9.9561e-01 -3.1285e+00 -3.0140e+00 +2.2674e-01 +4.1721e+00 +6.5085e-01 +7.7111e-01 +3.6489e+00 -3.5189e-01 +1.6648e+00 +3.7300e+00 -2.3305e+00 -1.7373e+00 +3.1106e+00 -7.8617e-01
58 0 +3.078731302e+05 +3.088731302e+05 +3.088731302e+05 -2.0280e+00 +2.2951e+00 -2.9583e+00 +1.2396e+00 -5.4956e-02 +4.1151e-01 -2.7428e+00 -2.7809e+00 -7.5500e-01 +3.6150e+00 +7.0681e-01 +1.2782e+00 +2.7509e+00 -6.6077e-01 +2.5989e+00 +3.0083e+00 -1.6231e+00 -3.5131e-01 +2.1608e+00 -1.9976e+00
191 0 +2.800467688e+05 +2.810467688e+05 +2.810467688e+05 -2.7715e+00 +1.1708e+00 +1.9468e+00 +7.4300e-01 +1.3723e+00 -1.7639e+00 -1.8842e+00 +1.1925e+00 -1.6579e+00 -1.6295e+00 +3.8261e+00 -2.7308e+00 +9.2299e-01 -2.1521e+00 +1.6572e-01 +1.2990e-01 -2.7731e+00 -2.1872e+00 +3.4647e+00 -9.9493e-01
810 0 +2.289141637e+05 +2.299141637e+05 +2.299141637e+05 -7.2531e-01 +8.8114e-01 +2.4743e+00 +7.7711e-01 +3.1749e-01 +2.1226e+00 +6.0210e-01 +4.4649e-01 -8.6099e-03 +1.4203e+00 -1.6520e-02 -1.6846e+00 -7.6596e-01 +3.1020e+00 -1.9400e+00 +1.8201e+00 -2.8051e+00 -2.8115e+00 +9.7048e-01 -2.6547e+00
1135 0 +2.027249312e+05 +2.037249312e+05 +2.037249312e+05 +3.5882e-01 -2.2489e+00 +1.2247e+00 -3.0720e+00 -2.1570e+00 +3.2272e+00 -1.6622e+00 +8.4111e-01 +1.9377e+00 +2.1958e+00 +3.6730e+00 -1.0231e+00 -2.9223e+00 +2.3169e+00 +5.9679e-01 +1.2040e+00 -4.3593e-01 +5.3778e-01 +2.0197e-01 -3.2768e+00
1878 0 +1.962052817e+05 +1.972052817e+05 +1.972052817e+05 -1.0380e+00 +2.0902e+00 -7.8817e-01 +2.6499e+00 -9.0003e-01 +6.1783e-01 -3.2337e+00 -1.7996e+00 +1.7963e+00 +1.8538e+00 +1.8973e+00 -2.9011e-01 -3.9014e+00 -2.2012e+00 +4.3776e-01 +2.3885e+00 -6.4673e-02 -1.4877e+00 -1.8876e+00 -3.4699e+00
% f evaluations | g evaluations | best noise-free fitness - Fopt (1.490000000000e+00) + sum g_i+ | measured fitness | best measured fitness or single-digit g-values | x1 | x2...
1 0 +4.527129739e+05 +4.527144639e+05 +4.527144639e+05 +7.5099e-01 -1.2316e+00 +5.4625e-01 +6.2221e-01 +7.8615e-01 -6.4062e-01 +5.8941e-01 +5.8058e-01 -8.7166e-01 +1.7255e+00 -3.3156e-01 -9.2839e-01 +9.2861e-02 -1.2388e+00 +9.5211e-01 -1.2088e+00 -1.5086e-01 +9.4943e-01 -6.8832e-01 -6.4964e-01
5 0 +3.829665067e+05 +3.829679967e+05 +3.829679967e+05 +5.3875e-01 -1.2675e+00 -1.7115e-01 +1.0674e-01 +7.0058e-01 +2.0672e+00 -3.7586e-01 -5.0057e-01 +5.4306e-01 -2.1009e-01 -8.4812e-01 +7.4518e-01 -1.1431e-01 +1.9645e-01 -3.0868e-01 +7.5736e-01 +4.4307e-02 +1.7359e-02 -1.9131e+00 -7.6852e-01
37 0 +3.799650499e+05 +3.799665399e+05 +3.799665399e+05 +2.5968e+00 -2.0093e+00 -1.8155e+00 -3.1613e+00 +2.7938e+00 +3.0638e+00 -1.5644e+00 +3.7736e+00 -3.3840e+00 +1.1265e-01 +4.6678e+00 -2.0733e+00 +2.5229e+00 -1.4583e+00 +2.5593e+00 -4.1048e-02 -7.1861e-01 +2.8716e-02 +9.2839e-01 -5.2509e-01
39 0 +3.219536110e+05 +3.219551010e+05 +3.219551010e+05 +3.4604e+00 -3.1853e+00 -3.2263e+00 -2.7870e+00 +3.9649e+00 +1.2326e+00 -2.2373e+00 +2.4089e+00 -3.0104e+00 -1.6565e-01 +1.9233e+00 -3.2408e+00 +1.7385e+00 -2.8649e+00 +4.3671e+00 -2.4901e+00 +1.7475e+00 +9.2048e-01 -5.2033e-01 +1.2303e-01
42 0 +2.939116929e+05 +2.939131829e+05 +2.939131829e+05 +3.5787e+00 -2.0184e+00 -2.0724e+00 -7.7114e-01 +2.3149e+00 +6.9355e-01 -2.4783e+00 +3.8149e+00 -3.5200e+00 +1.4598e+00 +1.8771e+00 -3.6423e+00 +1.9957e+00 -3.4303e+00 +2.6860e+00 -1.7255e+00 +2.2238e+00 +5.3918e-01 +1.5419e-01 -9.3544e-01
101 0 +2.437773743e+05 +2.437788643e+05 +2.437788643e+05 +3.8515e+00 -2.6923e+00 +1.5487e+00 -2.8224e+00 +2.2746e+00 -8.2913e-01 -2.0109e+00 +1.4862e-02 -8.8761e-02 -4.1421e+00 -2.2216e+00 -1.5161e+00 -1.9878e+00 +8.2033e-01 -1.1369e+00 -1.6270e+00 +1.5965e+00 +3.8478e+00 -1.3353e+00 -2.2697e+00
107 0 +2.313443560e+05 +2.313458460e+05 +2.313458460e+05 +4.4368e+00 -1.0765e+00 +1.0542e+00 -3.1414e+00 +2.0749e+00 +4.8059e-01 -1.0876e+00 +5.8946e-02 +9.6443e-01 -2.0503e+00 -1.3750e+00 +3.5816e-01 -1.2311e+00 +7.8962e-01 -3.1744e-01 -2.1013e-01 +2.4488e-02 +1.2810e+00 -1.5168e+00 -2.4619e+00
1307 0 +2.188996999e+05 +2.189011899e+05 +2.189011899e+05 +1.6722e+00 +7.2479e-01 -2.8432e+00 +2.5146e+00 +3.6357e+00 +2.9471e+00 -2.7301e+00 +1.4737e+00 +3.3639e-01 -2.3693e-01 -5.2287e-01 -8.3862e-01 +2.2658e+00 +1.5785e+00 -2.5278e-01 +4.3429e+00 -9.3019e-03 +3.3432e+00 +1.6071e+00 +1.5783e+00
1312 0 +1.388867740e+05 +1.388882640e+05 +1.388882640e+05 +2.3871e+00 -4.0877e+00 +1.3909e+00 -1.6842e-01 +3.5675e+00 +2.9265e+00 -8.2590e-01 +1.4709e+00 +3.6779e+00 +2.1576e+00 +1.9340e+00 -4.0826e+00 +2.5870e+00 -1.2540e+00 -5.5951e-01 +1.0998e+00 -4.0463e-01 +2.0230e+00 +2.2114e+00 +2.1326e+00
% f evaluations | g evaluations | best noise-free fitness - Fopt (5.963500000000e+02) + sum g_i+ | measured fitness | best measured fitness or single-digit g-values | x1 | x2...
1 0 +7.855715028e+05 +7.861678528e+05 +7.861678528e+05 -1.1000e+00 -6.5293e-02 -7.7852e-02 +6.9468e-01 +2.5439e-01 -3.6285e-01 -6.2994e-01 -4.9124e-02 +3.2048e-01 -2.4184e-01 +9.1291e-01 -1.1153e+00 +2.5162e-01 -5.4521e-01 -3.3322e-01 +2.3784e-01 +1.6711e-01 -4.4353e-01 +5.8876e-01 +2.7943e-01
2 0 +6.377912112e+05 +6.383875612e+05 +6.383875612e+05 +1.9837e+00 -1.1205e+00 +5.1033e-01 +3.5487e-01 -9.1649e-02 +1.1178e+00 -9.7035e-01 +7.0205e-01 -8.0861e-01 +5.9869e-02 +2.0045e-01 +2.3678e-01 -2.0787e-01 -1.9004e+00 -3.5529e-01 -1.5172e-01 +4.2941e-01 -7.8177e-01 -1.1462e+00 -4.7765e-01
10 0 +5.134882728e+05 +5.140846228e+05 +5.140846228e+05 -1.4200e+00 +3.7987e-01 +4.0414e-02 +8.6380e-01 -5.2880e-01 +1.8411e+00 -8.0731e-01 +1.7362e+00 -6.5957e-01 -7.4374e-01 +5.8460e-01 +1.3144e+00 -6.0593e-02 -7.9360e-01 -2.9472e-01 -5.4265e-01 +6.0614e-01 -8.6620e-01 +1.3867e+00 -1.6013e+00
56 0 +4.179658153e+05 +4.185621653e+05 +4.185621653e+05 -4.3287e+00 -1.5535e+00 +2.3131e+00 -8.1686e-01 -2.6055e-01 -1.1852e+00 +3.0540e+00 -9.1448e-01 -4.7101e+00 +1.7682e-02 +8.6314e-01 +2.3772e+00 +3.5693e-03 +1.2290e+00 +1.3046e+00 -8.0652e-01 +9.7823e-01 -3.7252e+00 +2.2977e+00 +6.2091e-01
174 0 +3.239624715e+05 +3.245588215e+05 +3.245588215e+05 -1.8288e+00 +3.0579e+00 +1.1233e+00 +5.1216e-01 +3.1285e+00 +1.6015e+00 -1.4451e+00 -2.1430e+00 -1.0848e+00 -2.1162e+00 -3.1279e+00 +2.1642e+00 +3.4579e+00 -8.3914e-01 -3.4995e+00 -4.3937e+00 +1.5122e+00 -2.9100e+00 -1.8549e+00 +4.6286e+00
180 0 +3.022740378e+05 +3.028703878e+05 +3.028703878e+05 -7.4025e-01 +2.5493e+00 +1.6255e+00 +8.0054e-02 +4.9280e-01 -5.0249e-01 +3.4668e-01 -2.0401e+00 -1.5543e+00 -1.4593e+00 -4.2470e+00 +2.3876e+00 +1.9546e+00 -1.7943e+00 -1.6798e+00 -3.4574e+00 +2.8170e+00 -2.3861e+00 -3.1976e+00 +3.2417e+00
511 0 +2.992807241e+05 +2.998770741e+05 +2.998770741e+05 -2.7110e+00 +1.3195e+00 +1.4820e+00 +2.1013e+00 +4.8120e+00 +2.3519e+00 +3.9797e+00 -1.2889e+00 +6.6343e-01 -1.1069e+00 -2.2002e+00 -1.3773e+00 -9.1008e-01 -2.8133e+00 +2.6628e+00 -2.0950e+00 +1.1868e+00 -4.6161e+00 -1.7268e+00 +3.3593e+00
515 0 +2.229387252e+05 +2.235350752e+05 +2.235350752e+05 -3.2217e+00 +4.9459e-01 -8.2214e-01 +3.8676e+00 +3.4828e+00 +2.8854e+00 +1.9280e+00 +6.4595e-01 -3.6437e-01 -4.6290e+00 -2.6560e+00 -1.7025e+00 -1.9667e+00 -2.6636e+00 +4.8058e+00 -1.4066e+00 +3.6675e+00 -2.7539e+00 -4.2604e+00 +2.2340e+00
612 0 +1.898141426e+05 +1.904104926e+05 +1.904104926e+05 -3.1561e-01 +2.3559e+00 +9.0639e-01 +2.7357e+00 +4.6842e-02 +1.3008e+00 +1.2881e+00 +2.9601e+00 -6.6194e-01 +8.8353e-01 -2.5838e+00 +3.5183e+00 -6.4740e-01 -4.8687e-01 -6.3695e-01 -1.5687e+00 -2.1830e+00 -8.8494e-01 -4.6441e+00 +1.2665e+00
1506 0 +1.836115684e+05 +1.842079184e+05 +1.842079184e+05 -9.9050e-01 +3.7424e+00 +1.1187e+00 +1.8897e+00 +4.3633e-01 -8.2179e-01 +1.3170e+00 +3.2694e+00 -4.3747e+00 -1.3994e-01 -3.9192e+00 -2.6268e+00 -1.8254e+00 -2.5015e+00 +1.0645e-01 -4.0050e+00 +8.2227e-01 -2.3437e+00 -2.0355e+00 -7.8500e-01
% f evaluations | g evaluations | best noise-free fitness - Fopt (-1.189700000000e+02) + sum g_i+ | measured fitness | best measured fitness or single-digit g-values | x1 | x2...
1 0 +1.176479065e+06 +1.176360095e+06 +1.176360095e+06 +2.0392e-01 -6.0757e-02 -5.9105e-01 -9.0698e-01 +8.0350e-01 +6.8241e-01 -1.1966e+00 -5.7555e-01 +1.4080e+00 +1.2996e+00 +7.9144e-01 +1.4478e+00 +4.0005e-03 +9.6481e-01 -1.7604e+00 +1.4020e+00 +3.6041e-01 +4.1715e-01 -8.4765e-01 +2.9133e-01
4 0 +1.053163353e+06 +1.053044383e+06 +1.053044383e+06 -9.0379e-01 -9.8378e-01 +4.8206e-01 +9.1038e-02 +5.4935e-01 -1.9853e+00 +1.1732e+00 -1.5736e+00 -5.8450e-02 +6.1618e-01 -6.6167e-02 -5.7238e-02 -1.0926e+00 -5.7378e-01 -1.3233e+00 +6.3299e-01 +1.0700e+00 +8.6705e-01 +7.2235e-01 -3.0263e-01
8 0 +1.041038582e+06 +1.040919612e+06 +1.040919612e+06 -7.9259e-01 -3.2361e-01 -2.6935e-01 -5.5202e-01 +3.1395e-01 -3.0320e-01 -6.4644e-01 +1.2508e+00 +6.0849e-01 -2.0566e+00 +4.0533e-02 +1.9811e+00 +1.6232e-01 -1.1792e+00 +1.9406e-01 +1.4670e+00 +1.7508e+00 +1.3954e+00 -1.8416e+00 +3.6265e-01
22 0 +9.159041419e+05 +9.157851719e+05 +9.157851719e+05 +1.8631e+00 +2.1777e+00 -2.2307e+00 +9.2683e-01 -7.6232e-01 -1.3116e+00 -2.3786e+00 -2.6897e-03 +1.1465e+00 -5.2352e-01 -3.8733e+00 -3.5173e+00 -4.0912e+00 +1.8695e+00 -2.1141e-01 +6.2445e-01 -2.7740e-02 +1.9891e-01 -8.9862e-01 -6.8415e-01
114 0 +6.560375285e+05 +6.559185585e+05 +6.559185585e+05 -3.1469e+00 -1.0328e+00 -1.8914e+00 -4.1906e+00 -2.4930e+00 -2.6285e+00 -2.1738e+00 +8.1938e-01 -1.0230e+00 +1.4811e-01 -1.9762e+00 -2.3451e+00 -4.0265e-01 -7.1483e-01 -1.1966e+00 +4.3846e+00 -1.0941e+00 +2.8538e+00 -8.3781e-01 -1.8700e+00
202 0 +5.877367527e+05 +5.876177827e+05 +5.876177827e+05 -1.2439e+00 -1.1968e+00 +1.3709e+00 -1.0618e-02 +2.1529e+00 -8.0502e-01 +1.4655e+00 +1.1444e+00 -2.3890e-01 -3.8244e+00 -8.8339e-01 +1.6346e+00 -1.7195e+00 -2.2699e+00 -3.1106e+00 +4.9093e+00 +3.7382e+00 +3.5945e-01 +1.2676e+00 +3.2335e+00
249 0 +4.875261956e+05 +4.874072256e+05 +4.874072256e+05 +2.1973e+00 +1.0663e+00 -3.2165e+00 +9.8577e-01 -1.3223e+00 -3.3263e-01 -3.5384e+00 +3.1461e-01 -4.6362e+00 -7.7157e-01 -4.0874e+00 -1.9738e-01 -4.2350e-01 +4.5886e+00 -1.4665e+00 +3.7040e+00 +4.9187e+00 -8.0399e-01 +7.2524e-01 -1.8509e+00
253 0 +4.325042690e+05 +4.323852990e+05 +4.323852990e+05 +2.5101e-01 +9.5149e-02 -3.4524e+00 -9.0424e-02 -2.5479e+00 -3.9563e-02 -3.7951e+00 +1.1997e+00 -4.2239e+00 -1.3537e+00 -1.6949e+00 -1.3948e+00 -4.0091e-01 +2.9270e+00 -1.2529e+00 +3.7368e+00 +4.4773e+00 -3.2582e-02 +1.6183e+00 -2.8434e+00
