% f evaluations | g evaluations | best noise-free fitness - Fopt (2.997000000000e+01) + sum g_i+ | measured fitness | best measured fitness or single-digit g-values | x1 | x2...
1 0 +7.601283124e+02 +7.900983124e+02 +7.900983124e+02 -7.9311e-01 +8.5961e-01 -6.3532e-02 -2.1399e+00 -8.0486e-01
15 0 +5.652236692e+02 +5.951936692e+02 +5.951936692e+02 -2.4532e-01 +3.2830e+00 -3.5567e+00 -5.0543e-01 +3.3368e+00
199 0 +5.235104971e+02 +5.534804971e+02 +5.534804971e+02 -1.5904e-01 -1.7338e-01 -1.4872e+00 -1.2926e+00 +1.7633e+00
200 0 +3.784534880e+02 +4.084234880e+02 +4.084234880e+02 +1.5949e+00 +2.4913e-01 -3.4501e+00 -1.5048e+00 +1.8043e+00
354 0 +2.809429238e+02 +3.109129238e+02 +3.109129238e+02 +2.4281e-01 -8.6142e-01 -2.5749e+00 -1.9963e+00 +1.1720e+00
% f evaluations | g evaluations | best noise-free fitness - Fopt (-5.171000000000e+01) + sum g_i+ | measured fitness | best measured fitness or single-digit g-values | x1 | x2...
1 0 +1.206826150e+03 +1.155116150e+03 +1.155116150e+03 +5.5547e-01 -8.2806e-01 -1.9496e-01 +1.6255e-01 +8.8383e-01
25 0 +1.122654925e+03 +1.070944925e+03 +1.070944925e+03 +4.3146e-01 +3.5254e+00 +1.2361e+00 -2.5539e+00 -3.0426e+00
37 0 +9.615656750e+02 +9.098556750e+02 +9.098556750e+02 +7.9543e-01 +7.1606e-01 -4.7186e+00 +3.1834e+00 +3.9573e+00
44 0 +8.895961820e+02 +8.378861820e+02 +8.378861820e+02 +2.2157e+00 +2.6973e-01 +4.5823e-01 -4.8322e+00 +1.3331e+00
78 0 +7.640661370e+02 +7.123561370e+02 +7.123561370e+02 +4.6341e+00 +2.3697e+00 -1.4788e+00 -1.2443e-01 -1.7603e+00
80 0 +6.417340650e+02 +5.900240650e+02 +5.900240650e+02 +4.5124e+00 +3.3066e+00 -2.5312e+00 +5.1503e-01 -3.3439e-01
118 0 +6.172994303e+02 +5.655894303e+02 +5.655894303e+02 +3.4803e+00 -9.0575e-01 -3.1701e+00 -5.2353e-01 +2.1770e+00
335 0 +5.221703054e+02 +4.704603054e+02 +4.704603054e+02 +2.3961e+00 +2.9209e+00 -3.1589e+00 -1.1466e+00 -4.9801e-01
337 0 +4.355027789e+02 +3.837927789e+02 +3.837927789e+02 +2.8922e+00 +2.4637e+00 -1.0587e+00 -3.4405e+00 -6.9932e-01
340 0 +1.904286088e+02 +1.387186088e+02 +1.387186088e+02 +2.3986e+00 +3.6526e+00 -2.6849e+00 -3.0945e+00 -1.0356e-02
% f evaluations | g evaluations | best noise-free fitness - Fopt (-2.799500000000e+02) + sum g_i+ | measured fitness | best measured fitness or single-digit g-values | x1 | x2...
1 0 +1.898860149e+03 +1.618910149e+03 +1.618910149e+03 -6.1281e-01 +7.3998e-01 +1.9193e+00 -4.0961e-01 +6.5994e-03
3 0 +1.850747767e+03 +1.570797767e+03 +1.570797767e+03 -5.5319e-01 -8.5083e-02 +5.3098e-02 +7.0245e-01 +9.3494e-01
5 0 +1.557425025e+03 +1.277475025e+03 +1.277475025e+03 -2.4464e+00 +7.7887e-01 +1.4076e+00 -1.2660e+00 -1.2011e+00
9 0 +1.341984428e+03 +1.062034428e+03 +1.062034428e+03 -2.5954e+00 -2.1940e+00 -1.9864e+00 -2.0457e+00 +9.5930e-01
10 0 +9.692745656e+02 +6.893245656e+02 +6.893245656e+02 -1.3161e+00 -4.7565e+00 -2.4432e+00 -1.5040e+00 -5.3158e-01
13 0 +8.927132477e+02 +6.127632477e+02 +6.127632477e+02 -2.2189e+00 -3.2785e+00 -1.2127e+00 -7.0007e-01 -7.3159e-01
16 0 +6.622777597e+02 +3.823277597e+02 +3.823277597e+02 -2.4139e+00 -3.5940e+00 +7.2423e-01 -1.9442e-01 -3.5442e-01
167 0 +5.428629281e+02 +2.629129281e+02 +2.629129281e+02 -1.3042e+00 -4.0362e+00 +1.9800e+00 -5.0234e-01 -2.4630e+00
% f evaluations | g evaluations | best noise-free fitness - Fopt (9.319900000000e+02) + sum g_i+ | measured fitness | best measured fitness or single-digit g-values | x1 | x2...
1 0 +8.586632890e+02 +1.790653289e+03 +1.790653289e+03 -1.4661e+00 -1.5186e+00 +2.5505e-01 +2.5040e-01 -7.6857e-01
3 0 +7.589298100e+02 +1.690919810e+03 +1.690919810e+03 +7.4029e-01 -5.8263e-01 +5.8454e-01 +1.3119e+00 +4.7024e-01
8 0 +6.228735794e+02 +1.554863579e+03 +1.554863579e+03 -4.1507e-01 -1.7692e+00 +1.4087e+00 +1.7147e+00 +8.1180e-01
45 0 +2.789400448e+02 +1.210930045e+03 +1.210930045e+03 +1.0590e+00 +2.4785e-01 +4.5412e+00 +2.0812e+00 +1.4215e+00
49 0 +2.702629328e+02 +1.202252933e+03 +1.202252933e+03 -8.9061e-02 +1.7700e+00 +4.3260e+00 +8.4178e-01 +8.1019e-01
477 0 +2.393912728e+02 +1.171381273e+03 +1.171381273e+03 +4.8621e-01 +8.8769e-01 +2.9930e+00 -2.7069e-01 +9.0900e-01
% f evaluations | g evaluations | best noise-free fitness - Fopt (1.133100000000e+02) + sum g_i+ | measured fitness | best measured fitness or single-digit g-values | x1 | x2...
1 0 +7.512008983e+02 +8.645108983e+02 +8.645108983e+02 +2.4308e-01 +5.8550e-01 +7.6987e-01 +2.3749e+00 -5.1269e-01
3 0 +7.503683760e+02 +8.636783760e+02 +8.636783760e+02 -9.4842e-01 +6.9197e-01 -2.0332e+00 -1.0496e-01 -1.9833e-01
4 0 +3.979206778e+02 +5.112306778e+02 +5.112306778e+02 +4.8925e-01 +1.2727e+00 -7.5730e-01 -1.6466e+00 +6.3543e-01
335 0 +3.512514970e+02 +4.645614970e+02 +4.645614970e+02 +2.5698e+00 +2.3141e+00 +1.7556e-02 -6.6287e-01 +2.5038e+00
382 0 +2.346385776e+02 +3.479485776e+02 +3.479485776e+02 +1.8074e+00 +2.3441e+00 +8.5414e-01 +9.4315e-01 +1.5757e-01
% f evaluations | g evaluations | best noise-free fitness - Fopt (2.849000000000e+01) + sum g_i+ | measured fitness | best measured fitness or single-digit g-values | x1 | x2...
1 0 +7.204380404e+02 +7.489280404e+02 +7.489280404e+02 -4.4063e-01 +8.1274e-01 -6.2489e-01 -9.1975e-01 -1.9053e-01
7 0 +6.026450248e+02 +6.311350248e+02 +6.311350248e+02 +4.6707e-01 -2.6722e-01 +2.0415e-01 -2.2860e+00 +3.8088e-01
28 0 +5.951321027e+02 +6.236221027e+02 +6.236221027e+02 -9.5229e-02 -4.0270e-01 -4.6667e-01 -2.2615e+00 +1.2183e+00
41 0 +5.669959949e+02 +5.954859949e+02 +5.954859949e+02 -6.4247e-02 +1.6259e+00 +1.7144e-01 -3.6136e+00 -2.7414e+00
44 0 +4.908009675e+02 +5.192909675e+02 +5.192909675e+02 -1.1824e+00 +2.3609e+00 +1.0753e+00 -4.6170e+00 -2.1230e+00
45 0 +3.524523857e+02 +3.809423857e+02 +3.809423857e+02 -2.7678e+00 +2.2777e+00 +1.2624e+00 -2.5110e+00 -2.0571e+00
219 0 +2.840460866e+02 +3.125360866e+02 +3.125360866e+02 -2.2131e+00 -2.1256e-01 +8.3525e-01 -1.7806e+00 -2.4211e+00
% f evaluations | g evaluations | best noise-free fitness - Fopt (-7.405800000000e+02) + sum g_i+ | measured fitness | best measured fitness or single-digit g-values | x1 | x2...
1 0 +5.824510030e+02 -1.581289970e+02 -1.581289970e+02 -1.5860e-01 -7.9707e-01 -3.5278e-01 -6.9777e-01 +1.4365e+00
2 0 +5.435322649e+02 -1.970477351e+02 -1.970477351e+02 +1.1538e+00 +1.7717e-01 +3.5367e-01 -5.9561e-01 -4.5185e-01
4 0 +3.151569209e+02 -4.254230791e+02 -4.254230791e+02 -7.8935e-01 +3.5102e-01 -1.0294e+00 -6.5321e-01 -5.9940e-01
121 0 +2.385107964e+02 -5.020692036e+02 -5.020692036e+02 -2.7395e+00 -1.5093e+00 -2.6684e+00 -1.2688e-01 -1.9433e+00
407 0 +2.255167792e+02 -5.150632208e+02 -5.150632208e+02 +6.6492e-01 +1.8074e+00 -2.1198e+00 -1.0678e+00 +2.6565e+00
455 0 +1.455290370e+02 -5.950509630e+02 -5.950509630e+02 -9.6626e-01 +3.6154e-01 -2.7342e+00 -7.0231e-01 -1.4867e-01
% f evaluations | g evaluations | best noise-free fitness - Fopt (-5.177000000000e+01) + sum g_i+ | measured fitness | best measured fitness or single-digit g-values | x1 | x2...
1 0 +1.039687051e+03 +9.879170514e+02 +9.879170514e+02 +4.5999e-02 -1.0595e+00 +1.2767e+00 -8.1855e-01 +1.2072e+00
5 0 +9.165541616e+02 +8.647841616e+02 +8.647841616e+02 -7.2943e-01 +7.9362e-03 -1.5979e-01 -3.3790e-01 +4.1833e-01
7 0 +6.541955555e+02 +6.024255555e+02 +6.024255555e+02 +1.1931e-01 +2.0590e+00 +3.4754e-01 -1.3161e+00 +8.1368e-01
17 0 +5.507409377e+02 +4.989709377e+02 +4.989709377e+02 -2.7286e+00 -2.4117e-01 +4.8720e-01 -1.7003e+00 +2.1574e+00
186 0 +4.241577222e+02 +3.723877222e+02 +3.723877222e+02 -1.4101e+00 +1.2840e+00 +3.1562e+00 -2.0266e+00 +2.2410e+00
256 0 +3.559405078e+02 +3.041705078e+02 +3.041705078e+02 -5.5819e-02 +4.6721e+00 +1.3281e+00 -3.3208e+00 +2.8218e+00
% f evaluations | g evaluations | best noise-free fitness - Fopt (-2.229800000000e+02) + sum g_i+ | measured fitness | best measured fitness or single-digit g-values | x1 | x2...
1 0 +1.800878657e+03 +1.577898657e+03 +1.577898657e+03 -7.1822e-01 +2.2433e-02 -7.2667e-01 -1.1031e+00 -1.4015e+00
3 0 +1.605751851e+03 +1.382771851e+03 +1.382771851e+03 -2.6318e-01 +4.4580e-01 -9.1129e-01 -1.6877e-01 -1.2800e+00
8 0 +1.583196747e+03 +1.360216747e+03 +1.360216747e+03 -8.1586e-01 +3.6768e-01 -1.3591e+00 +2.4859e+00 +1.0125e-01
23 0 +1.547546890e+03 +1.324566890e+03 +1.324566890e+03 +1.4038e+00 +3.3166e-01 -1.7820e+00 +1.2510e+00 +1.1631e+00
47 0 +1.402037937e+03 +1.179057937e+03 +1.179057937e+03 -4.1349e-01 +2.2654e+00 +2.2456e+00 +1.2439e+00 -3.7486e+00
48 0 +1.344450216e+03 +1.121470216e+03 +1.121470216e+03 -4.8319e-01 +3.5132e+00 +1.4306e+00 -1.2716e-01 -4.9689e+00
50 0 +1.062025377e+03 +8.390453771e+02 +8.390453771e+02 +3.3176e-01 +4.1517e+00 -1.3879e-01 +7.7863e-01 -4.2300e+00
68 0 +5.678001519e+02 +3.448201519e+02 +3.448201519e+02 +2.4080e+00 +1.8147e+00 -4.6380e-01 +2.4689e+00 -3.3652e+00
% f evaluations | g evaluations | best noise-free fitness - Fopt (5.860000000000e+00) + sum g_i+ | measured fitness | best measured fitness or single-digit g-values | x1 | x2...
1 0 +1.495665390e+03 +1.501525390e+03 +1.501525390e+03 -1.7024e+00 -1.7553e+00 -1.7857e-01 -1.4193e+00 -1.9898e-02
3 0 +1.312898089e+03 +1.318758089e+03 +1.318758089e+03 -4.9980e-01 -3.3131e-01 +1.2627e+00 +2.9777e-01 +1.7290e-01
6 0 +1.211665589e+03 +1.217525589e+03 +1.217525589e+03 +5.7265e-01 -8.5369e-02 +9.5523e-02 +4.6105e-01 -2.1643e-01
9 0 +1.180548053e+03 +1.186408053e+03 +1.186408053e+03 -1.6313e+00 +2.1703e+00 +1.9809e+00 -1.5863e+00 +9.3846e-01
10 0 +9.878322544e+02 +9.936922544e+02 +9.936922544e+02 -3.7082e+00 +1.1412e-01 +2.3144e-01 -1.2184e+00 -4.5707e-02
25 0 +7.047355002e+02 +7.105955002e+02 +7.105955002e+02 -4.9757e-01 +4.1262e+00 +5.7011e-01 +3.3979e-01 +2.9396e+00
48 0 +2.115048072e+02 +2.173648072e+02 +2.173648072e+02 -2.3848e+00 +2.1432e+00 -1.2353e+00 +1.2342e+00 +2.2485e+00
% f evaluations | g evaluations | best noise-free fitness - Fopt (2.048600000000e+02) + sum g_i+ | measured fitness | best measured fitness or single-digit g-values | x1 | x2...
1 0 +3.813228916e+02 +5.861828916e+02 +5.861828916e+02 -1.1920e+00 -2.6394e-01 -1.3880e-01 +7.3906e-02 -5.0413e-01
3 0 +3.361551684e+02 +5.410151684e+02 +5.410151684e+02 -5.7531e-01 +4.8079e-01 -5.0389e-01 +1.7408e-01 -8.0207e-01
405 0 +3.196456993e+02 +5.245056993e+02 +5.245056993e+02 +3.7502e-01 +2.7086e-01 -3.9171e+00 +1.0069e+00 +1.1704e+00
407 0 +3.067881762e+02 +5.116481762e+02 +5.116481762e+02 -8.7794e-01 -3.6679e-02 -3.6626e+00 +1.7530e+00 +7.4772e-02
409 0 +2.154155157e+02 +4.202755157e+02 +4.202755157e+02 -5.7674e-01 -4.3590e-01 -3.2457e+00 +1.0041e+00 +8.0299e-01
% f evaluations | g evaluations | best noise-free fitness - Fopt (1.154900000000e+02) + sum g_i+ | measured fitness | best measured fitness or single-digit g-values | x1 | x2...
1 0 +1.283631846e+03 +1.399121846e+03 +1.399121846e+03 +1.8022e-01 -1.7567e+00 -1.1734e-02 -7.8903e-01 +1.4747e-01
3 0 +9.706096630e+02 +1.086099663e+03 +1.086099663e+03 +8.1026e-02 +9.3442e-01 +1.8467e+00 -7.9612e-02 +1.7756e+00
36 0 +8.560942674e+02 +9.715842674e+02 +9.715842674e+02 +1.8347e+00 +1.7778e+00 +1.8974e+00 -1.1047e+00 +1.7027e+00
38 0 +8.424277018e+02 +9.579177018e+02 +9.579177018e+02 +2.1168e+00 +1.7639e+00 +6.8033e-01 -1.0808e+00 +2.8828e+00
99 0 +6.959129899e+02 +8.114029899e+02 +8.114029899e+02 +7.9879e-01 -1.7678e+00 +1.3855e+00 -3.3996e+00 +1.2602e+00
102 0 +6.917332244e+02 +8.072232244e+02 +8.072232244e+02 +1.8325e+00 -1.5060e+00 +1.2677e+00 -1.3501e+00 +3.0074e+00
103 0 +6.355529525e+02 +7.510429525e+02 +7.510429525e+02 +5.4695e-01 -2.2962e+00 +1.6009e+00 -2.0127e+00 +1.7568e+00
120 0 +4.877749035e+02 +6.032649035e+02 +6.032649035e+02 +8.7821e-01 -1.9517e+00 +3.9709e+00 -3.3092e+00 +1.0231e+00
% f evaluations | g evaluations | best noise-free fitness - Fopt (1.950500000000e+02) + sum g_i+ | measured fitness | best measured fitness or single-digit g-values | x1 | x2...
1 0 +6.516134743e+02 +8.466634743e+02 +8.466634743e+02 -7.4889e-01 +1.6455e-01 +1.9112e-01 -1.3905e-01 +1.4524e-02
5 0 +5.343243206e+02 +7.293743206e+02 +7.293743206e+02 +5.0479e-01 +1.6399e+00 +2.4816e-01 +3.7011e-01 +1.0394e+00
7 0 +4.367964859e+02 +6.318464859e+02 +6.318464859e+02 +5.2794e-01 +3.6115e-01 +2.7440e-02 +1.7925e-01 -5.0071e-01
26 0 +3.488482613e+02 +5.438982613e+02 +5.438982613e+02 +4.2014e-01 -7.2130e-01 -4.9590e+00 +4.0038e-01 -1.5430e+00
28 0 +2.391749021e+02 +4.342249021e+02 +4.342249021e+02 -2.6800e-01 -1.5399e+00 -4.3709e+00 -5.1467e-01 -1.4590e+00
85 0 +2.181049604e+02 +4.131549604e+02 +4.131549604e+02 +9.8152e-01 +3.7682e-01 -6.4266e-01 -8.4970e-01 -5.5883e-01
% f evaluations | g evaluations | best noise-free fitness - Fopt (-2.144800000000e+02) + sum g_i+ | measured fitness | best measured fitness or single-digit g-values | x1 | x2...
1 0 +7.324728524e+02 +5.179928524e+02 +5.179928524e+02 +8.3485e-01 +9.5725e-01 -2.8277e-01 -3.6677e-01 -5.3694e-01
5 0 +5.558356670e+02 +3.413556670e+02 +3.413556670e+02 -3.4991e-01 +3.9358e-01 +6.9053e-02 -1.7045e+00 -1.2664e+00
48 0 +4.205865133e+02 +2.061065133e+02 +2.061065133e+02 +1.2278e+00 +4.9467e+00 -1.3676e-01 +7.7846e-01 -3.2980e+00
82 0 +1.948667344e+02 -1.961326561e+01 -1.961326561e+01 +9.3446e-01 +3.8447e+00 +4.2105e-01 -6.8163e-01 -1.4172e+00
% f evaluations | g evaluations | best noise-free fitness - Fopt (-4.590000000000e+01) + sum g_i+ | measured fitness | best measured fitness or single-digit g-values | x1 | x2...
1 0 +1.177550572e+03 +1.131650572e+03 +1.131650572e+03 -9.5016e-01 +9.2269e-02 +1.4854e+00 -6.9921e-01 +9.4803e-01
2 0 +9.091834354e+02 +8.632834354e+02 +8.632834354e+02 -2.7204e+00 -1.0096e+00 -2.1035e+00 +6.5691e-01 -7.2777e-01
8 0 +7.273199881e+02 +6.814199881e+02 +6.814199881e+02 -2.9431e-01 -3.8219e-01 +1.0123e+00 -4.5482e-02 -1.0180e+00
12 0 +6.836318918e+02 +6.377318918e+02 +6.377318918e+02 +3.7598e-01 +1.1466e+00 -1.1313e+00 -3.2327e+00 -3.2195e+00
17 0 +5.317051878e+02 +4.858051878e+02 +4.858051878e+02 -2.0256e+00 -8.6142e-01 -2.5265e+00 -2.1614e+00 -2.9186e+00
39 0 +4.456406521e+02 +3.997406521e+02 +3.997406521e+02 +2.5817e-01 -2.2604e-01 -2.8100e+00 -4.8571e+00 -4.3923e+00
41 0 +3.514256027e+02 +3.055256027e+02 +3.055256027e+02 -1.1595e+00 +2.1330e-01 -1.7595e+00 -4.7753e+00 -4.2160e+00
159 0 +2.994136637e+02 +2.535136637e+02 +2.535136637e+02 +5.5544e-01 -1.5820e+00 +1.6277e+00 +1.7311e+00 -4.3588e+00
197 0 +2.437173963e+02 +1.978173963e+02 +1.978173963e+02 -1.0834e+00 -1.3405e+00 -1.5748e+00 -3.6227e+00 -3.8972e+00
