% f evaluations | g evaluations | best noise-free fitness - Fopt (2.997000000000e+01) + sum g_i+ | measured fitness | best measured fitness or single-digit g-values | x1 | x2...
1 0 +2.005648443e+03 +2.035618443e+03 +2.035618443e+03 -2.6880e-01 +2.0990e+00 +4.7577e-01 -1.5977e-02 -1.2327e-01 -7.6721e-01 +1.5299e-01 +1.1892e+00 +4.4558e-01 -5.1136e-01 +1.7379e+00 +1.0583e-01 +2.2369e-01 +3.9066e-01 -1.5843e+00 +1.2180e+00 -5.6792e-01 +8.5023e-01 +1.2327e+00 -7.7797e-02
3 0 +1.898678689e+03 +1.928648689e+03 +1.928648689e+03 -1.6474e+00 -7.0130e-01 -1.9921e+00 +7.1181e-01 +1.3147e+00 +1.5772e+00 +3.3037e-01 +2.7601e-01 -2.9107e-02 -1.5943e-02 +1.1796e+00 -2.4122e-01 +4.9918e-01 -8.5970e-01 +3.9616e-01 -3.2356e+00 +4.5381e-01 +1.0716e+00 -8.1224e-01 +1.6726e-01
4 0 +1.650243586e+03 +1.680213586e+03 +1.680213586e+03 +5.0811e-01 +6.8223e-02 -3.6637e-01 -3.8348e-01 +7.1811e-01 -4.6756e-01 -7.0008e-01 -1.8849e+00 -1.5612e+00 +6.2979e-01 +1.1066e-01 -1.8983e+00 +1.8667e-01 -1.0181e-01 +1.2925e+00 +7.2973e-01 -1.7876e+00 +1.3086e+00 -6.8882e-01 +8.9042e-01
730 0 +1.519930318e+03 +1.549900318e+03 +1.549900318e+03 -9.6124e-01 -6.8413e-01 -4.2065e+00 +3.9505e-01 +2.2955e-02 -1.8488e-01 +1.4678e-02 -4.1617e+00 +1.5018e-01 +3.7627e-01 +3.4927e+00 +5.9119e-01 +3.8412e+00 +3.7147e+00 -1.8723e-01 -2.8451e-01 -2.3788e+00 -2.8285e+00 +1.0892e+00 +2.1836e-01
1369 0 +1.366588943e+03 +1.396558943e+03 +1.396558943e+03 +1.9620e+00 -1.7609e+00 -2.0206e+00 -1.5269e+00 -9.0577e-01 +6.7836e-01 -6.9291e-02 -2.3670e+00 -1.7698e+00 -4.6775e-01 -2.4340e+00 +7.9575e-01 +1.0433e+00 +2.8641e+00 -4.4951e-01 +3.5886e+00 -3.2585e+00 +1.5412e+00 -3.8815e-01 -2.2448e+00
% f evaluations | g evaluations | best noise-free fitness - Fopt (-5.171000000000e+01) + sum g_i+ | measured fitness | best measured fitness or single-digit g-values | x1 | x2...
1 0 +2.620815422e+03 +2.569105422e+03 +2.569105422e+03 +6.0352e-01 -7.2855e-02 -1.3015e+00 -2.5057e-01 -6.7166e-01 -1.9301e-01 +4.4838e-02 +1.6084e+00 +1.3187e-01 -3.3901e-01 -2.2981e-01 -7.2548e-01 -2.6887e-01 -2.4756e-01 +2.2189e+00 +1.2375e+00 +1.6913e+00 -1.2546e+00 +1.2678e+00 -5.5744e-01
2 0 +2.489221803e+03 +2.437511803e+03 +2.437511803e+03 -4.3286e-01 +1.5893e+00 -1.5622e+00 -1.4996e+00 -2.6938e-01 +1.7673e-01 -1.3688e+00 -1.3960e+00 -2.2392e+00 -1.2538e+00 -1.4935e+00 -1.8385e+00 +1.4797e-02 -2.6833e-01 -5.8498e-01 -3.7242e-01 +6.0559e-01 -4.9214e-01 +1.1949e+00 -4.9808e-01
4 0 +2.300236971e+03 +2.248526971e+03 +2.248526971e+03 +3.4883e-01 +1.5707e+00 -1.3846e-01 -4.8400e-01 -2.9554e-01 +5.0855e-01 -9.3838e-01 -4.6398e-01 -1.1513e+00 -1.4387e+00 +2.7976e-01 +5.3617e-01 -1.0503e-01 +3.4767e-01 +4.7656e-01 +5.8573e-01 -2.7688e-01 -4.9949e-01 -1.1414e+00 -1.5636e-01
59 0 +2.256426871e+03 +2.204716871e+03 +2.204716871e+03 -7.8804e-01 -2.9109e-01 -3.2395e+00 -3.4659e+00 +2.2241e+00 +1.0001e+00 -4.0452e+00 -1.2675e+00 -2.1811e+00 -1.7581e+00 +1.2519e+00 +1.7033e+00 -2.9769e-01 -4.3854e+00 +1.3784e+00 +1.5425e+00 -4.2837e+00 +2.5974e+00 -3.9015e+00 +3.0887e+00
60 0 +1.935587911e+03 +1.883877911e+03 +1.883877911e+03 -2.1143e-01 +8.8258e-01 -3.3304e+00 -1.0381e+00 +1.7455e+00 -6.6296e-01 -3.1424e+00 +9.0261e-01 -2.3582e+00 -7.6447e-01 +1.0595e+00 +2.4747e-01 +6.7836e-01 -3.6016e+00 +9.5708e-01 +2.7618e+00 -3.9106e+00 +1.9540e+00 -3.2073e+00 +2.4979e+00
182 0 +1.802237287e+03 +1.750527287e+03 +1.750527287e+03 +1.0318e+00 -1.2359e+00 -2.1511e+00 -3.9253e+00 -1.3662e-01 -8.9409e-01 -1.6428e+00 +1.8115e+00 -1.2979e+00 +1.6776e+00 +2.2865e+00 +1.1468e+00 -8.0958e-01 +5.2506e-01 -1.6690e-02 -1.2777e+00 -2.0753e-01 -1.4232e+00 +2.8554e+00 +9.8815e-01
486 0 +1.735779659e+03 +1.684069659e+03 +1.684069659e+03 +8.5822e-02 +9.1222e-01 -1.9747e+00 -2.7529e+00 +1.2925e+00 -4.6506e-01 -4.3069e-01 +2.9295e+00 -3.6794e+00 +1.9828e-01 +2.4351e+00 -3.7332e-01 +1.7750e+00 -9.8768e-01 +1.8704e+00 +8.8881e-01 +6.2675e-01 +3.6448e+00 -4.0707e-02 +3.3473e+00
1490 0 +1.689891565e+03 +1.638181565e+03 +1.638181565e+03 +3.6659e+00 +2.9443e+00 -5.9938e-01 -3.3647e+00 +1.9962e+00 +3.8369e-01 +2.4468e+00 +1.8338e+00 -2.5783e+00 -8.3459e-01 +4.2732e+00 +2.9848e+00 +1.6010e+00 -2.6131e+00 -1.6081e+00 +2.9770e+00 -1.3571e+00 +3.6766e+00 +2.3903e-01 +5.6638e-01
% f evaluations | g evaluations | best noise-free fitness - Fopt (-2.799500000000e+02) + sum g_i+ | measured fitness | best measured fitness or single-digit g-values | x1 | x2...
1 0 +1.989044448e+03 +1.709094448e+03 +1.709094448e+03 -9.9833e-01 -8.5738e-02 -5.2366e-01 -5.7717e-01 -1.2974e-01 -1.0164e+00 +1.1425e+00 -4.7260e-01 +8.3831e-01 +3.3407e-01 -2.4276e-01 -3.0309e-01 -8.3915e-01 -8.2525e-02 +4.4315e-01 -4.7757e-01 +6.4422e-01 -6.3276e-01 -2.3360e+00 +7.9476e-02
6 0 +1.641282331e+03 +1.361332331e+03 +1.361332331e+03 +1.3805e-01 -1.1881e+00 +4.9691e-01 +9.5078e-01 -1.3849e+00 -6.8292e-02 -1.2779e-01 -5.6271e-01 +2.1921e-01 -2.4734e+00 -7.8406e-01 -6.5300e-01 -8.6198e-01 -7.3811e-03 +2.2806e-01 +2.3405e+00 +2.8256e-01 +4.4639e-01 -1.1292e+00 -6.8999e-01
% f evaluations | g evaluations | best noise-free fitness - Fopt (9.319900000000e+02) + sum g_i+ | measured fitness | best measured fitness or single-digit g-values | x1 | x2...
1 0 +2.190633124e+03 +3.122623124e+03 +3.122623124e+03 -4.3960e-01 +3.4097e-01 -7.9734e-02 +4.0876e-01 +6.6886e-01 +5.2824e-01 -1.4744e+00 -1.6859e+00 +9.3402e-01 -7.9852e-01 -1.0615e+00 -2.4483e-01 +1.2921e+00 -1.5430e+00 +3.3785e-01 -6.6392e-01 +1.7256e+00 -1.9585e+00 -1.1688e-02 -5.0971e-01
5 0 +2.042087098e+03 +2.974077098e+03 +2.974077098e+03 +1.2390e+00 +6.0499e-01 -1.1782e+00 +5.0703e-01 -7.2194e-01 +8.7458e-01 +8.6689e-01 -2.4723e+00 +5.3518e-01 -2.4320e-01 +1.6934e+00 +9.5115e-01 -9.2832e-01 -1.1320e+00 +7.9056e-01 -7.8808e-01 +1.7782e-02 +1.3369e+00 -9.7840e-01 -1.7410e-02
9 0 +1.967975520e+03 +2.899965520e+03 +2.899965520e+03 +5.1895e-01 +4.3764e-01 -1.6419e-01 -3.4765e-01 -6.7757e-01 +4.0169e-01 +5.3653e-01 +9.9953e-01 +7.6117e-01 +1.2030e+00 +8.5907e-01 +3.6596e-01 -4.9503e-01 -8.6473e-02 +2.8472e-02 -1.0362e-01 -1.4103e+00 +3.1074e-01 +1.1362e-01 -1.1744e-01
12 0 +1.808550716e+03 +2.740540716e+03 +2.740540716e+03 +6.0483e-01 +6.9573e-01 +1.6145e+00 -8.5591e-01 -9.5092e-01 +1.6695e+00 +5.4231e-01 -7.9164e-01 +8.5620e-01 +1.5384e+00 -1.0228e+00 -6.9130e-01 +1.9934e-01 -1.8303e+00 +1.1735e+00 +6.0771e-01 -6.9651e-01 -1.2647e+00 +2.8751e-01 -1.6915e-01
13 0 +1.693035445e+03 +2.625025445e+03 +2.625025445e+03 -2.0365e+00 +4.5160e+00 +2.8197e+00 -2.2183e+00 +1.7433e+00 -1.5345e+00 -1.0665e+00 -4.8457e+00 -2.4748e+00 +1.6761e-01 +5.3299e-02 +9.0042e-01 -1.5733e+00 +5.9364e-01 +4.0458e+00 -1.0853e+00 -8.8491e-01 -2.0052e+00 -1.2837e-01 -2.7911e+00
14 0 +1.534211987e+03 +2.466201987e+03 +2.466201987e+03 -1.0140e+00 +3.9050e+00 +2.8455e+00 -3.6763e+00 -8.2173e-01 -5.1390e-01 +1.6018e+00 -4.0505e+00 -1.6625e+00 +7.5433e-01 +3.2694e-01 -3.5067e-01 -3.5872e-01 +1.7465e+00 +1.1968e+00 -3.5681e-01 +1.8532e-01 -2.7644e+00 +2.2394e+00 -3.3682e+00
54 0 +1.416007711e+03 +2.347997711e+03 +2.347997711e+03 -3.0672e-01 +1.4901e+00 -1.6498e+00 -1.2001e-02 +2.2910e-01 -2.8926e+00 -1.2754e-03 -1.6689e+00 -4.3492e-02 +9.2513e-01 +2.6192e+00 +1.0664e+00 -1.5382e+00 -4.1558e+00 +1.5854e+00 +3.0133e+00 -2.4767e+00 -7.3555e-01 +1.0788e+00 +9.5918e-01
377 0 +1.384612481e+03 +2.316602481e+03 +2.316602481e+03 -2.1518e+00 +1.5924e+00 +1.6055e+00 -2.4345e+00 +3.0671e-01 -7.0678e-01 +2.4869e+00 -2.6944e+00 -8.7689e-01 +4.5239e+00 +1.9221e+00 +1.1216e+00 +3.9570e-01 -2.5180e+00 +1.4182e+00 +3.3465e+00 -1.9184e+00 +6.1673e-02 +2.6016e+00 -1.1454e+00
% f evaluations | g evaluations | best noise-free fitness - Fopt (1.133100000000e+02) + sum g_i+ | measured fitness | best measured fitness or single-digit g-values | x1 | x2...
1 0 +1.922739052e+03 +2.036049052e+03 +2.036049052e+03 -2.1091e+00 -6.0087e-01 +1.8036e+00 +2.2713e-01 +1.7009e+00 -1.9483e+00 +5.5723e-01 -1.1356e+00 -3.0394e-02 -1.7397e-02 -1.4110e+00 -1.4779e+00 -6.4311e-01 -5.5801e-01 -2.4130e-01 +4.8042e-01 +9.6215e-01 +3.9141e-01 -7.1442e-01 -7.8705e-01
126 0 +1.834281309e+03 +1.947591309e+03 +1.947591309e+03 +4.0017e-01 +6.1827e-02 +4.4446e+00 +8.0542e-01 +6.8727e-01 -1.1471e+00 -1.2041e+00 -3.0656e+00 -1.0812e-02 +8.4436e-01 +2.7353e-01 +1.4262e+00 -1.5371e+00 +1.2968e-02 -2.0022e+00 -1.0129e+00 +2.5126e+00 -5.8843e-02 +3.5326e+00 -8.3862e-01
224 0 +1.718863189e+03 +1.832173189e+03 +1.832173189e+03 +1.4934e+00 +1.5117e+00 -2.2560e-01 +1.9663e+00 +1.8096e+00 -1.2655e-01 -2.2515e+00 -2.8379e+00 -1.2753e-01 +7.2229e-01 +3.4282e+00 +3.5950e+00 -7.0310e-01 +2.7804e+00 -1.3809e+00 +1.2301e+00 +3.3249e+00 +4.3710e-01 -4.4463e+00 -7.5677e-01
225 0 +1.622338330e+03 +1.735648330e+03 +1.735648330e+03 +4.0224e+00 +2.2113e+00 -1.2210e+00 +2.7862e+00 +2.2192e+00 -1.5725e+00 -1.3566e+00 -2.2608e+00 -4.3457e-01 +1.5313e+00 +9.7384e-01 +1.7424e+00 +8.2089e-01 +4.3633e-01 -1.6701e-01 +1.5644e+00 +3.9743e+00 -1.8294e+00 -3.3600e+00 -2.7315e+00
228 0 +1.435368934e+03 +1.548678934e+03 +1.548678934e+03 +1.9304e+00 +1.5348e+00 +4.0826e-02 +1.1548e+00 +1.1951e+00 -8.5075e-01 -1.6490e+00 -3.3198e+00 +4.2973e-01 +1.4573e+00 +2.3998e+00 +2.2828e+00 -2.6415e+00 +6.8419e-01 +6.8550e-01 +5.5755e-01 +2.0242e+00 -4.8883e-02 -3.6549e+00 -4.1694e+00
% f evaluations | g evaluations | best noise-free fitness - Fopt (2.849000000000e+01) + sum g_i+ | measured fitness | best measured fitness or single-digit g-values | x1 | x2...
1 0 +1.726861814e+03 +1.755351814e+03 +1.755351814e+03 -4.1028e-01 -1.5708e+00 -1.0128e+00 -7.0632e-01 -1.5897e+00 +7.4602e-01 -3.6197e-01 +4.0312e-02 -1.2431e+00 -1.2770e+00 -1.1161e+00 +1.1062e-01 -2.4865e-01 -1.2174e-01 -1.0354e+00 -7.0347e-01 +3.7567e-01 +5.6387e-01 +1.2456e+00 -1.0441e+00
2 0 +1.194631709e+03 +1.223121709e+03 +1.223121709e+03 +7.8221e-01 +1.7714e+00 +2.1030e-01 -1.3363e+00 -9.8282e-01 +2.8380e+00 +6.3621e-01 +7.7989e-01 -1.7121e+00 +2.5147e+00 +3.4554e-01 -9.6110e-01 +1.8508e+00 +4.6618e-01 -7.1621e-01 +1.7470e+00 -3.0758e-01 +7.2892e-01 +1.5659e+00 +1.1165e+00
1060 0 +1.056327678e+03 +1.084817678e+03 +1.084817678e+03 -5.2004e-01 +1.5684e+00 +1.4967e-01 -2.5152e+00 -2.7101e+00 +3.6749e+00 +5.7373e-01 +6.8512e-01 +4.5287e-01 +3.1763e+00 +1.4994e+00 +1.7737e+00 +1.1131e+00 -8.4229e-01 +1.9935e+00 +1.7372e+00 -1.9862e+00 -2.4134e-01 -4.9028e+00 -5.5404e-01
% f evaluations | g evaluations | best noise-free fitness - Fopt (-7.405800000000e+02) + sum g_i+ | measured fitness | best measured fitness or single-digit g-values | x1 | x2...
1 0 +2.485467381e+03 +1.744887381e+03 +1.744887381e+03 -1.4772e+00 -1.4198e+00 -2.8093e-01 +1.3046e-02 +7.9575e-03 -1.6305e+00 -3.7780e-01 -3.8050e-01 -2.2810e-02 +9.9777e-01 +8.5948e-01 -3.2687e-01 -9.1195e-01 -1.5743e+00 -6.6558e-01 +2.2302e-01 -6.0040e-02 +4.0573e-01 +7.5108e-01 -2.3074e-01
2 0 +2.476948645e+03 +1.736368645e+03 +1.736368645e+03 +5.5002e-01 -1.2131e-02 +2.3182e-01 -1.6946e-01 +9.0229e-01 +1.5577e+00 +2.3214e-01 +2.4508e+00 +1.6966e+00 -4.4002e-01 -8.9586e-01 -7.3653e-01 -2.2387e+00 -1.8813e+00 +6.0105e-01 +7.7887e-01 +1.0793e+00 -4.7938e-01 -4.6207e-01 -9.6984e-01
3 0 +2.250912777e+03 +1.510332777e+03 +1.510332777e+03 +1.5957e+00 -1.2397e+00 -6.9081e-02 -9.2492e-01 -1.9843e+00 +6.0662e-02 +3.4697e-01 +6.5087e-01 -3.0579e-01 -2.9079e-01 -3.2514e-01 -3.6254e-01 -1.3074e+00 -9.1353e-01 -1.7275e+00 +1.7248e+00 -2.1487e-01 -4.6203e-01 -8.6810e-01 -1.0870e-01
4 0 +2.229907397e+03 +1.489327397e+03 +1.489327397e+03 -8.2708e-01 +9.7371e-01 -2.0072e+00 -1.4721e+00 -1.3422e-01 +4.3929e-01 +7.9343e-01 -1.6607e+00 +3.2726e-01 +2.3427e-01 -8.9507e-03 +8.3221e-01 -8.9881e-02 -1.6998e+00 +1.8958e+00 +3.7690e-01 +1.1280e-01 +6.4200e-01 -3.1756e-01 +5.6200e-01
6 0 +2.187641574e+03 +1.447061574e+03 +1.447061574e+03 +8.3635e-01 +1.2208e-01 +8.2748e-01 -1.7317e-01 -1.0812e-01 +1.2426e-01 +7.4438e-02 -3.2314e-01 -1.1607e-01 -2.6481e+00 +4.4733e-02 +1.7788e+00 +1.0989e+00 +8.1773e-01 -8.5557e-01 +2.9964e-01 +6.9158e-01 +4.7563e-01 +1.6343e-01 -3.0211e-01
65 0 +2.115428756e+03 +1.374848756e+03 +1.374848756e+03 -4.4159e+00 +6.1235e-01 -4.9075e+00 -8.9310e-01 +1.9014e+00 +1.4041e+00 -7.3967e-01 -1.3100e+00 -1.3776e+00 -1.5652e-01 -3.8736e+00 +1.0112e+00 -2.8402e-01 -1.9861e-01 +2.2561e+00 -1.3083e+00 +2.4396e+00 +2.0940e+00 -7.1920e-01 +8.2105e-01
70 0 +1.967340078e+03 +1.226760078e+03 +1.226760078e+03 -3.7541e+00 -1.1262e-01 -4.0884e+00 -1.7184e+00 +2.6146e-01 +2.2264e+00 +2.2183e-01 -2.5870e+00 -5.3995e-01 -1.6856e+00 -2.4958e+00 -5.8437e-01 -1.6287e+00 +1.9104e+00 +2.7834e+00 +1.1461e+00 +1.3386e+00 +2.0645e+00 +2.9588e-01 +2.6815e+00
161 0 +1.596244399e+03 +8.556643987e+02 +8.556643987e+02 +1.0716e+00 +1.9651e+00 -4.3544e+00 +1.6467e+00 -1.9464e+00 -1.0092e-01 -2.0500e+00 +7.6100e-01 -1.8995e+00 -5.9084e-01 +7.7690e-01 +2.4364e+00 -1.2619e+00 +4.8884e-01 +2.7503e+00 +4.5886e+00 +7.7315e-01 +1.9644e+00 -1.4763e+00 +4.3163e-01
350 0 +1.556738830e+03 +8.161588296e+02 +8.161588296e+02 -7.4636e-01 +1.6628e+00 -2.8611e+00 -2.3850e-01 -3.8451e+00 -1.1205e+00 -3.0511e+00 +1.9775e+00 +3.4718e-01 -1.0536e+00 +2.2065e-01 +3.6174e+00 +2.7463e-01 +3.6018e+00 +1.2528e+00 +1.0538e+00 +1.5075e+00 +3.2458e+00 -2.4790e+00 +1.0175e+00
% f evaluations | g evaluations | best noise-free fitness - Fopt (-5.177000000000e+01) + sum g_i+ | measured fitness | best measured fitness or single-digit g-values | x1 | x2...
1 0 +2.351869192e+03 +2.300099192e+03 +2.300099192e+03 +2.4946e-01 +2.4855e-01 +2.2103e+00 -1.0362e-01 +1.3839e+00 -1.6329e+00 -3.5579e-01 -2.9401e-01 -7.3170e-01 +9.9931e-01 +2.5305e-01 +3.9465e-01 +6.9219e-01 +2.0381e-01 +3.1665e-01 +5.3923e-01 +2.8193e+00 -1.6496e+00 +1.6900e+00 -2.5742e-01
2 0 +2.284374261e+03 +2.232604261e+03 +2.232604261e+03 +6.0020e-01 +1.7586e-01 -5.5917e-01 +8.2032e-01 +1.6968e+00 +1.1964e+00 -4.8090e-01 +9.7695e-01 -5.6741e-01 +2.1421e-01 +2.8526e-01 -3.5938e-01 -1.2549e+00 +1.2008e+00 -1.3247e+00 -2.6308e-01 +7.3740e-01 +4.7560e-01 -2.0466e-01 -1.3869e+00
9 0 +2.229192786e+03 +2.177422786e+03 +2.177422786e+03 +1.5081e+00 -1.6681e+00 -1.2762e+00 -3.8711e-01 +6.6892e-01 +2.5481e+00 +6.1442e-01 +7.5874e-01 +2.3201e+00 -1.2072e+00 -6.0091e-01 -6.8174e-01 +9.6661e-02 +5.3030e-01 +4.7097e-01 +4.1473e-01 -2.2773e-01 +9.9669e-01 -3.7603e-01 -3.5032e-01
10 0 +2.149990640e+03 +2.098220640e+03 +2.098220640e+03 -1.1879e+00 -2.6158e-01 -5.0668e-01 -1.8836e+00 +9.4040e-02 -7.6038e-01 -1.3004e-01 -2.6691e+00 -6.1847e-01 -1.4205e+00 -6.6984e-02 +7.1307e-01 -3.5015e-01 -6.2753e-01 -1.1635e+00 -1.8146e-01 -4.1124e-01 +1.6176e+00 +9.0854e-01 +3.1429e-01
12 0 +2.055473882e+03 +2.003703882e+03 +2.003703882e+03 +3.4662e-01 +4.7706e-03 +1.3147e+00 +8.3860e-01 +3.5900e-01 +4.4738e-01 -1.5031e-01 -5.1122e-01 +1.4595e+00 -2.1553e+00 +4.2981e-01 -6.3669e-01 -7.9641e-01 -2.0641e+00 -6.3530e-01 +1.0349e+00 -5.4235e-01 -8.6295e-01 -1.4549e-01 +2.0211e-02
102 0 +1.781898883e+03 +1.730128883e+03 +1.730128883e+03 -4.1855e+00 -4.7489e-01 +2.2179e+00 -4.9260e-01 -1.0636e+00 -1.4331e+00 -1.0594e+00 -6.1263e-01 +6.3724e-01 +9.1396e-01 -1.3597e+00 -1.0116e+00 +4.4594e+00 -4.3237e+00 +2.2537e+00 -2.6815e+00 -3.5357e-01 -1.5133e+00 -3.5137e+00 +7.7902e-01
325 0 +1.530237627e+03 +1.478467627e+03 +1.478467627e+03 -1.6022e-01 +2.7976e+00 -1.9847e+00 -8.2089e-01 +3.8264e+00 -5.4715e-01 -3.7956e+00 -2.4400e+00 +2.2310e+00 +5.1054e-01 -1.1344e+00 +1.3165e-01 +7.7388e-01 -7.4919e-01 -7.6840e-01 -2.6501e+00 -1.2774e+00 +4.5610e-01 -3.2352e+00 -3.8647e+00
% f evaluations | g evaluations | best noise-free fitness - Fopt (-2.229800000000e+02) + sum g_i+ | measured fitness | best measured fitness or single-digit g-values | x1 | x2...
1 0 +2.559109313e+03 +2.336129313e+03 +2.336129313e+03 -2.1722e+00 +5.0851e-01 +5.7820e-01 +2.2727e-01 +7.5905e-01 +7.2185e-01 -1.9191e-01 -4.7246e-01 -5.0099e-01 -5.4155e-01 +8.2014e-01 -7.4480e-01 +7.3838e-01 -5.2001e-02 +1.2275e+00 +3.9545e-01 -5.7861e-01 -1.4011e+00 -1.6602e+00 +3.5788e-01
4 0 +2.288899679e+03 +2.065919679e+03 +2.065919679e+03 +1.9934e+00 -9.5144e-01 +3.8870e-01 -6.2179e-02 +6.8720e-01 +1.7219e-01 -2.2566e-01 -1.4981e+00 -8.9220e-04 +7.1219e-01 +1.1911e+00 -4.2103e-01 +5.3809e-01 -4.8617e-02 +5.0978e-01 +7.4654e-01 +7.3258e-01 +1.6261e-01 +1.4233e+00 +5.2713e-01
11 0 +2.082711482e+03 +1.859731482e+03 +1.859731482e+03 +1.2120e+00 +1.5572e+00 -1.4954e+00 +3.6938e-01 -1.0433e+00 -1.7378e+00 +9.6816e-01 +2.4129e-01 +1.4841e-01 +1.5376e+00 +8.5808e-01 +1.3275e+00 +7.6322e-01 -4.1287e-01 +3.4585e-01 +7.9246e-01 -6.2926e-01 +5.2018e-01 -7.1595e-01 -1.0311e+00
476 0 +1.974508197e+03 +1.751528197e+03 +1.751528197e+03 +1.6544e+00 +1.3533e+00 -1.6430e+00 +2.2119e+00 +2.0193e+00 +1.1101e+00 +6.8814e-01 -3.2741e+00 -1.6145e+00 +1.7677e-01 +3.4749e-01 -1.2584e-01 +3.1742e-01 -3.5732e+00 +3.2963e+00 -2.4010e+00 -2.5601e+00 -1.6519e+00 -7.4181e-01 -4.0025e-02
1050 0 +1.922120975e+03 +1.699140975e+03 +1.699140975e+03 +1.4942e+00 -1.0327e+00 -1.4892e+00 +7.1666e-01 -2.1950e+00 -5.3562e-01 +4.3044e+00 +1.2540e+00 -3.9309e+00 +1.9040e+00 +1.8367e-01 +2.6629e+00 -3.3869e+00 -2.7529e+00 +1.7901e+00 +6.8133e-01 +2.8818e+00 +1.2526e+00 -4.7072e-01 +3.0228e-01
1051 0 +1.839086096e+03 +1.616106096e+03 +1.616106096e+03 +1.3711e+00 -1.1150e+00 +9.1717e-01 +1.3752e+00 -1.7016e+00 -1.8021e+00 +2.1670e+00 +4.1029e-01 -4.0580e+00 +2.8256e+00 +1.9261e+00 +3.1026e+00 -3.8782e+00 -2.4517e+00 +1.1554e+00 +3.9040e+00 +2.4839e+00 -1.3563e+00 +6.3657e-01 -1.4445e+00
% f evaluations | g evaluations | best noise-free fitness - Fopt (5.860000000000e+00) + sum g_i+ | measured fitness | best measured fitness or single-digit g-values | x1 | x2...
1 0 +2.274516963e+03 +2.280376963e+03 +2.280376963e+03 +5.0675e-01 -2.0011e+00 +2.7845e-01 +2.3268e-02 -4.6186e-01 +1.1352e-01 +1.4225e+00 +3.9930e-01 -2.6715e-02 -8.7320e-01 -6.6923e-01 -5.6710e-01 +7.6485e-01 +1.2597e-01 +7.8914e-01 +1.4246e+00 -1.1436e+00 -7.3828e-01 +7.1112e-01 +1.1687e+00
2 0 +2.157276059e+03 +2.163136059e+03 +2.163136059e+03 +1.2746e+00 -5.4575e-01 -2.3932e-01 -5.3027e-02 -1.4230e+00 +5.5266e-01 -7.8643e-01 +2.3812e+00 -1.4824e+00 +3.2967e-01 -4.5472e-01 -1.0143e+00 +2.0422e+00 -3.1638e-01 +1.6990e-01 -1.8871e+00 -4.6832e-02 +9.9903e-02 -1.1360e+00 +1.3776e+00
3 0 +1.892038384e+03 +1.897898384e+03 +1.897898384e+03 -9.2132e-01 -1.0679e+00 -2.2721e+00 +2.8839e+00 -3.5403e-01 -1.0908e+00 +8.8382e-01 +1.3486e+00 +3.5667e-01 -1.3432e+00 +1.3380e+00 +5.7706e-01 +1.7894e+00 -6.4243e-01 +4.6536e-01 +7.7253e-01 +9.3220e-01 -2.4430e+00 +5.5920e-01 +8.3321e-01
295 0 +1.831991798e+03 +1.837851798e+03 +1.837851798e+03 -3.4620e-01 +3.8928e+00 -1.5180e+00 +1.3254e+00 -1.0951e+00 -1.1226e+00 +2.2939e+00 +1.1850e+00 +3.8087e-01 +9.7140e-01 +3.0020e+00 +2.1949e+00 +2.8217e+00 -7.1842e-01 +1.1417e+00 -1.5986e+00 +9.3376e-01 -2.9824e+00 -4.7262e-01 +1.3769e+00
737 0 +1.747748724e+03 +1.753608724e+03 +1.753608724e+03 +2.6856e-01 +1.5573e+00 +1.8580e+00 +4.4854e-01 +5.1123e-01 +6.0329e-02 +2.2236e+00 +5.6169e-01 +2.4596e+00 +1.8275e+00 +3.0865e+00 +4.1492e+00 -3.2120e+00 -2.1855e+00 -3.6652e+00 +1.4935e+00 +2.1878e+00 -3.2652e+00 +3.1145e+00 +1.0551e-01
827 0 +1.694444399e+03 +1.700304399e+03 +1.700304399e+03 -8.7737e-01 -8.3797e-01 -4.9278e-01 +2.2898e+00 -2.0254e-01 -1.2577e+00 +1.5179e+00 +5.1060e-01 +1.4975e+00 +1.0797e+00 +7.6699e-01 +8.6067e-01 +1.1619e+00 -1.1195e+00 -4.0691e-01 +2.0403e-01 +4.4230e-01 -2.1073e-01 -2.2898e+00 +1.6831e+00
1014 0 +1.556545121e+03 +1.562405121e+03 +1.562405121e+03 -6.1170e-01 +1.0293e-01 -1.1075e+00 +3.0649e+00 +8.4192e-01 +1.8561e+00 -6.8317e-01 +5.2492e-01 +5.3167e-01 +2.1659e+00 +3.2660e+00 +3.6121e+00 +2.7529e+00 -1.6148e+00 +3.1410e-01 +2.6419e+00 +1.7957e+00 +1.5130e+00 -1.0057e+00 +2.0635e+00
% f evaluations | g evaluations | best noise-free fitness - Fopt (2.048600000000e+02) + sum g_i+ | measured fitness | best measured fitness or single-digit g-values | x1 | x2...
1 0 +2.897555166e+03 +3.102415166e+03 +3.102415166e+03 +1.2471e+00 -2.6125e+00 +1.7108e+00 -2.4505e-01 -1.2798e+00 -1.0517e+00 +1.5773e+00 -2.9532e-01 -1.6776e-01 -1.2611e+00 +7.6820e-01 -7.1638e-01 -1.4683e+00 +8.0101e-01 -9.9147e-01 +2.9423e-02 +1.0580e+00 -5.6357e-01 -1.5203e+00 -4.9383e-01
2 0 +2.762747794e+03 +2.967607794e+03 +2.967607794e+03 +4.0048e-01 -8.3621e-01 -2.1711e+00 +5.3517e-01 +9.9394e-01 -2.0952e-01 +6.1074e-01 +3.8923e-01 -2.2541e+00 -4.0642e-01 -2.1480e-01 +5.1764e-01 +9.4246e-01 +8.0122e-01 -2.6604e-01 +5.8847e-01 -5.6254e-01 +1.6666e+00 +1.1048e+00 +2.4266e-01
3 0 +2.477409290e+03 +2.682269290e+03 +2.682269290e+03 +1.1995e+00 -9.4237e-01 +1.7034e-01 -2.6948e-01 -8.6916e-01 -1.7876e+00 +6.6828e-01 +3.4139e-01 +1.7426e+00 -6.0640e-02 +4.2300e-01 +3.5022e-01 +3.3788e-01 -6.9076e-02 -1.2261e-01 +4.1765e-01 -4.2698e-01 -1.4351e-01 +7.2822e-01 +4.3758e-01
9 0 +2.351267966e+03 +2.556127966e+03 +2.556127966e+03 -7.1039e-01 +5.1481e-01 +1.8722e+00 -6.4612e-01 -1.8321e+00 +1.6598e+00 -1.0144e+00 -2.4732e+00 +5.8705e-01 +6.0001e-01 +9.3699e-02 -1.0171e+00 +6.3971e-01 -1.3280e+00 -1.4934e+00 +5.9089e-02 +6.9268e-01 +2.0470e-02 -7.9654e-01 -4.2066e-01
53 0 +2.321811909e+03 +2.526671909e+03 +2.526671909e+03 +1.6479e+00 +3.0045e+00 +2.5965e+00 -2.0145e+00 -1.3361e+00 +4.8734e-01 -1.6708e+00 +3.0817e+00 +2.0250e+00 -2.9445e+00 -3.3673e+00 +2.9904e+00 +3.2029e+00 -2.2260e+00 -3.1560e+00 +5.7221e-01 +1.3603e+00 -1.4677e+00 +6.4297e-01 -2.3709e+00
101 0 +2.182975168e+03 +2.387835168e+03 +2.387835168e+03 -8.1009e-01 +2.3130e+00 -1.7233e-01 +8.8096e-01 -3.5526e+00 +1.7980e+00 -2.5808e-01 -8.1533e-01 +1.8129e+00 -4.0076e+00 +1.1011e+00 -3.6999e-01 +1.6065e+00 +3.6214e-01 +2.0450e+00 -3.3614e-01 +3.6579e+00 +2.9980e-01 +1.0267e+00 +8.9511e-01
219 0 +1.943304485e+03 +2.148164485e+03 +2.148164485e+03 +2.9597e-01 +3.1162e+00 -8.6516e-01 -6.4116e-01 -6.6279e-01 +2.0968e+00 -3.8131e+00 +5.6875e-01 +1.8101e+00 -3.4777e-01 -3.9240e+00 +2.4967e+00 +7.4122e-01 -1.9154e+00 -1.3525e+00 -1.1888e+00 -1.4216e+00 +1.1977e+00 -1.7282e+00 -2.3502e-01
222 0 +1.695510663e+03 +1.900370663e+03 +1.900370663e+03 -5.1014e-01 +1.2661e+00 -7.1567e-01 -2.0604e+00 -3.1980e+00 +3.2760e+00 -1.6747e+00 +7.8440e-01 +4.6516e+00 -1.0044e+00 -3.2533e+00 +1.5633e+00 +1.2988e+00 -1.1530e+00 -1.2469e+00 -2.4334e+00 -3.7215e-01 +1.9539e+00 -2.1269e+00 -1.1082e+00
817 0 +1.590560670e+03 +1.795420670e+03 +1.795420670e+03 +2.1362e+00 -2.6103e+00 -3.5087e-01 +7.1125e-01 -3.2298e+00 +4.5848e+00 -3.5559e+00 -2.4064e+00 -7.0843e-01 -2.3648e+00 -2.7748e-01 +1.1439e+00 +8.1170e-01 -1.2116e+00 -2.1032e-01 -4.6981e+00 +9.7742e-01 -1.3677e+00 -3.1688e-01 +4.4576e+00
1334 0 +1.425692557e+03 +1.630552557e+03 +1.630552557e+03 -2.8096e+00 -4.1566e-01 -1.2223e+00 +1.6172e+00 -2.0912e+00 +1.9786e+00 -6.3535e-01 +2.2533e+00 +2.9051e+00 +1.0960e+00 +1.3644e+00 +2.6194e+00 +1.8541e+00 +1.9814e+00 -7.7162e-01 -1.8241e+00 +4.7435e-01 +2.6729e+00 +8.5678e-01 -8.4482e-01
1335 0 +1.296503668e+03 +1.501363668e+03 +1.501363668e+03 -5.7395e-01 -5.0789e-01 -4.2975e-01 +8.3859e-01 -2.6251e+00 +6.8646e-01 -3.2676e+00 +3.5221e+00 +4.9054e+00 +1.7034e+00 +4.1518e-01 +2.3681e+00 -3.9722e-01 +1.0240e-01 -9.6315e-01 -3.0854e+00 -4.1945e-01 +2.6139e+00 +9.8820e-02 +9.3057e-01
% f evaluations | g evaluations | best noise-free fitness - Fopt (1.154900000000e+02) + sum g_i+ | measured fitness | best measured fitness or single-digit g-values | x1 | x2...
1 0 +2.460527228e+03 +2.576017228e+03 +2.576017228e+03 +6.6360e-01 +2.8729e-01 -1.9314e+00 +1.1374e+00 +3.3850e-01 +4.8028e-01 +1.1106e+00 -2.7583e-01 +1.8038e+00 +1.7717e-01 -1.6412e+00 +1.3125e+00 -1.3056e+00 +1.0833e+00 +7.1758e-01 +4.6807e-01 +4.7965e-01 +1.0494e+00 -1.3090e+00 +3.6072e-01
4 0 +2.201657904e+03 +2.317147904e+03 +2.317147904e+03 +7.0522e-01 +1.1006e-02 +2.0190e+00 -8.9762e-01 +8.1719e-01 +7.7379e-01 -1.5740e+00 -8.2990e-01 +2.1632e-01 +1.3023e+00 +2.9599e-01 +5.8807e-01 +1.0826e-01 -1.3683e+00 +1.0988e+00 -1.0171e+00 -1.2279e+00 -3.0898e-01 -1.1952e+00 +5.8308e-01
8 0 +2.179295309e+03 +2.294785309e+03 +2.294785309e+03 -1.7531e-01 -1.0848e+00 +2.0649e+00 -1.2153e+00 +4.8022e-01 +1.7124e+00 +2.0992e-01 +1.9563e+00 -4.8887e-01 +1.8671e-01 -5.9547e-01 -7.8816e-01 -1.9486e+00 -9.5808e-01 -2.0310e-01 -3.0804e-01 +1.0842e+00 +8.7122e-02 +3.2300e-01 -1.5905e+00
9 0 +2.009768333e+03 +2.125258333e+03 +2.125258333e+03 -1.6622e+00 +4.1954e-02 +7.1620e-01 -1.2916e+00 +1.2230e+00 -3.7364e-01 +1.2306e+00 +1.7221e-01 -2.4427e-01 +3.4519e-01 -2.8333e-02 +4.2085e-01 +1.1084e+00 -3.8198e-02 -1.1478e+00 -3.8511e-01 -1.2585e+00 +6.1266e-01 -8.2850e-01 -1.3795e+00
233 0 +1.911823676e+03 +2.027313676e+03 +2.027313676e+03 +2.3718e+00 +3.4392e+00 -9.0561e-01 -3.0909e+00 +4.1330e+00 +3.8025e+00 +9.5379e-01 -1.9221e+00 +2.5085e+00 +4.8725e+00 -1.5225e+00 -2.4772e+00 +6.5773e-01 -3.8222e+00 +2.1235e+00 -3.7772e+00 +2.3073e+00 +6.2989e-01 +1.9570e-01 -1.1582e+00
362 0 +1.678210322e+03 +1.793700322e+03 +1.793700322e+03 +3.5810e-01 -1.6174e+00 +1.6407e+00 -3.9518e+00 +4.2846e-02 +1.3230e+00 +3.2885e+00 -2.5165e-01 +4.3499e+00 +1.5608e+00 -1.9566e+00 -1.2519e+00 -2.7181e+00 +5.0778e-01 -2.1332e+00 -2.6636e+00 -3.3290e-01 -1.0065e-01 -2.2320e+00 +9.6450e-01
% f evaluations | g evaluations | best noise-free fitness - Fopt (1.950500000000e+02) + sum g_i+ | measured fitness | best measured fitness or single-digit g-values | x1 | x2...
1 0 +3.067768945e+03 +3.262818945e+03 +3.262818945e+03 -1.9415e+00 -6.2378e-01 +7.0113e-01 -3.0235e-01 +1.8862e+00 +9.5064e-01 -1.2092e+00 +1.2673e+00 +1.3402e+00 +5.5566e-02 +4.6588e-02 +3.5791e-01 -1.8734e+00 +9.6018e-01 +1.6312e+00 -1.7425e-01 +7.8965e-01 -3.5834e-01 -1.0421e+00 +2.4066e-01
2 0 +2.761854465e+03 +2.956904465e+03 +2.956904465e+03 -9.6525e-02 -1.0067e+00 -3.0820e+00 -1.3027e+00 +5.6992e-01 -4.6826e-02 +6.2102e-01 +6.8275e-01 -8.8271e-01 -4.1628e-01 -1.3004e+00 +8.6021e-01 -1.6323e-01 -8.0880e-01 +1.2954e+00 +8.4546e-01 -1.1769e+00 +4.0540e-01 +5.6180e-01 +4.7831e-01
3 0 +2.614372357e+03 +2.809422357e+03 +2.809422357e+03 +2.4541e-01 +4.5090e-02 -2.0703e-01 +4.8367e-01 +2.5170e-01 -2.9493e-01 -7.1401e-01 +2.2752e-01 -9.0717e-02 -3.2404e-01 +3.5961e-01 -9.2194e-01 +1.1752e+00 +8.6437e-01 +1.4747e+00 +4.5465e-01 -3.9330e-02 -7.2414e-01 +1.9855e+00 -1.7863e+00
10 0 +2.426009788e+03 +2.621059788e+03 +2.621059788e+03 -5.7130e-01 +1.6741e+00 -1.9468e+00 +7.9760e-01 +1.2523e+00 +2.8405e-01 -1.0835e+00 +4.3043e-03 +1.3503e+00 -2.7986e+00 +4.2810e-01 +2.0934e-01 +1.0351e-01 -8.2281e-01 +9.8104e-03 +1.0316e+00 +2.9470e-01 -4.0325e-01 +1.0332e+00 +2.3290e+00
164 0 +2.376069016e+03 +2.571119016e+03 +2.571119016e+03 -1.7731e+00 +1.9421e+00 -2.5109e+00 -7.7032e-01 -2.4887e+00 -2.2951e+00 +1.0811e+00 +6.8473e-01 +9.7709e-01 -1.8035e+00 -1.8566e+00 -8.3137e-01 +2.6678e+00 -3.0660e+00 +2.3256e-01 -3.9781e-02 -7.3360e-01 -4.6339e-01 +1.2728e+00 +2.8490e+00
165 0 +2.145667290e+03 +2.340717290e+03 +2.340717290e+03 -1.0836e+00 -2.8067e-01 -3.3806e+00 -2.1176e+00 +3.3104e-01 +1.3718e-01 -1.9667e+00 +9.2017e-01 -1.4906e+00 -3.5936e+00 +2.2493e+00 -6.6508e-01 +1.3002e+00 +4.7347e-02 -3.1781e-01 +9.2420e-01 -7.1384e-01 -2.4601e-01 -5.2085e-01 -2.9237e+00
166 0 +1.877713464e+03 +2.072763464e+03 +2.072763464e+03 +8.2263e-01 +3.3999e-01 -3.2877e+00 -1.1543e+00 -2.5907e-01 -1.3606e-01 -3.0914e+00 -4.4042e-01 -2.5643e+00 -2.8236e+00 +3.2900e+00 -6.0483e-01 +2.1269e+00 +3.0448e-01 -3.5279e+00 +2.3182e-01 -1.8925e+00 -1.1920e+00 +1.6071e+00 -3.2016e+00
566 0 +1.589828731e+03 +1.784878731e+03 +1.784878731e+03 +5.5307e-02 +7.0293e-01 -4.3692e-01 -6.8925e-01 +7.6794e-01 +5.4771e-01 -1.9902e+00 +1.7685e+00 +1.4057e+00 +7.6956e-01 +2.3512e+00 +2.6068e+00 +3.0597e+00 -8.3828e-01 -4.1130e+00 -1.5331e+00 +2.2357e+00 -8.0503e-01 +7.9157e-01 -2.3404e+00
% f evaluations | g evaluations | best noise-free fitness - Fopt (-2.144800000000e+02) + sum g_i+ | measured fitness | best measured fitness or single-digit g-values | x1 | x2...
1 0 +1.549454478e+03 +1.334974478e+03 +1.334974478e+03 +2.5057e-01 +1.4327e+00 -1.4778e+00 +1.0638e+00 -3.6268e-01 -1.1639e+00 +4.5158e-01 -1.2466e+00 +9.7473e-01 +9.6434e-01 +2.9241e+00 +7.8252e-01 +3.8833e-01 -3.4441e-01 +2.4743e-01 -2.1269e-01 +6.9515e-01 +9.4899e-01 -5.2672e-01 +7.2034e-01
6 0 +1.439329933e+03 +1.224849933e+03 +1.224849933e+03 -8.8395e-01 -9.1098e-01 -1.0475e+00 -1.0552e-01 -2.4056e-01 -2.2838e-01 +1.6136e+00 -5.1811e-01 +1.5645e+00 +1.8029e-01 +1.4636e+00 +1.5620e-01 -8.0188e-01 +2.5901e+00 +1.7995e-01 -2.5246e-01 -3.7798e-01 +6.3888e-01 -4.7938e-01 +1.4024e+00
1490 0 +1.400319697e+03 +1.185839697e+03 +1.185839697e+03 +9.4357e-01 +3.9708e+00 -2.6303e+00 -2.1780e+00 -1.1878e-01 +1.2932e-01 +2.6151e+00 +4.2414e-01 +1.0227e+00 +3.2071e+00 +1.1788e+00 -1.7499e+00 -2.7728e-01 +2.8341e+00 +6.5270e-01 +8.6862e-02 +6.0326e-01 -9.0321e-01 +3.1784e-01 +1.8714e+00
1506 0 +1.273802209e+03 +1.059322209e+03 +1.059322209e+03 -1.5385e+00 +2.1933e+00 -1.2959e+00 -4.0090e+00 +9.7999e-01 -1.4621e+00 +1.2940e+00 -1.1422e+00 +9.6619e-01 +9.6089e-01 +2.1266e+00 -2.0530e+00 -2.1638e+00 +4.4509e-02 +1.6535e+00 -3.3713e+00 -8.8323e-01 -7.6530e-01 -2.9079e-01 -1.1613e+00
% f evaluations | g evaluations | best noise-free fitness - Fopt (-4.590000000000e+01) + sum g_i+ | measured fitness | best measured fitness or single-digit g-values | x1 | x2...
1 0 +2.428543091e+03 +2.382643091e+03 +2.382643091e+03 +7.1760e-01 -4.7083e-01 -1.3410e+00 +1.2170e+00 +1.0081e+00 -9.9079e-01 -1.2402e+00 -1.3606e+00 -6.5709e-01 -1.0828e+00 -3.9252e-01 +1.4393e+00 +5.9154e-01 +2.8462e-03 -1.6160e+00 +1.1170e+00 -6.3789e-01 -8.1887e-01 +1.9919e-01 +5.7730e-01
5 0 +2.186178493e+03 +2.140278493e+03 +2.140278493e+03 -2.8767e-01 +1.4150e-01 -7.1760e-01 +4.3101e-01 +1.8688e-01 +1.0259e+00 -4.9691e-01 -5.6369e-01 +7.0884e-01 -5.4237e-01 -1.9044e-01 -1.6331e-01 -3.3255e-01 -3.8872e-01 +4.1430e-01 +3.9460e-01 -6.2251e-02 -2.5488e+00 +1.0590e-01 -2.3419e+00
8 0 +2.091101590e+03 +2.045201590e+03 +2.045201590e+03 +1.3838e-01 +7.6958e-01 -3.5419e-01 +4.4608e-02 -1.5060e+00 +1.7941e-01 -1.1131e+00 -3.2437e-01 +3.5729e-01 -8.7515e-01 -1.0930e+00 -1.4356e+00 -7.0874e-01 -2.4203e-01 -1.0475e+00 +7.2011e-01 -5.4747e-01 +4.2507e-01 +1.8797e+00 -1.3530e+00
406 0 +2.027705494e+03 +1.981805494e+03 +1.981805494e+03 -5.2182e-01 -3.6091e+00 +1.4358e+00 +1.6829e+00 +2.3775e+00 +1.3595e+00 +8.9010e-02 -1.3309e+00 -1.7713e+00 +1.2420e+00 -3.0621e+00 -2.2967e+00 -1.7145e+00 +2.8788e+00 +3.1196e+00 -8.9144e-01 +2.5195e+00 +2.3620e+00 -1.5624e+00 +9.5027e-01
440 0 +1.875925405e+03 +1.830025405e+03 +1.830025405e+03 +1.2883e+00 -1.4428e+00 -2.8481e+00 -2.0124e-01 -9.6391e-01 +3.4551e+00 -2.0314e+00 -1.9597e+00 +4.2919e-01 -2.1502e+00 -1.1906e+00 -1.6704e-01 -3.4119e+00 +1.4787e+00 -2.0130e+00 +1.4669e+00 -1.5626e+00 +7.9791e-01 -7.8295e-01 -3.3992e+00
745 0 +1.707730895e+03 +1.661830895e+03 +1.661830895e+03 +1.4733e+00 +3.0561e-01 -6.3948e-01 -6.0663e-01 +1.5337e+00 -1.8854e+00 +1.1460e+00 +4.0879e-02 -3.1285e+00 -7.9451e-01 -3.5831e+00 +4.1285e-01 -2.3002e+00 +7.0500e-01 +2.4149e+00 +2.0925e+00 +3.7487e-01 -5.8645e-01 +2.8213e+00 -1.1210e+00
750 0 +1.453441447e+03 +1.407541447e+03 +1.407541447e+03 +3.0113e+00 -1.1777e+00 +3.8668e-01 -2.2012e+00 +2.8358e-01 -1.8348e+00 -7.2761e-01 -1.0809e+00 -2.8316e+00 -2.6024e+00 -2.5008e+00 -1.0114e+00 -2.8588e+00 -3.1241e-01 +3.9489e+00 +2.4597e+00 -1.7943e-01 +3.7741e-01 +2.0051e+00 -3.2857e+00
