% f evaluations | g evaluations | best noise-free fitness - Fopt (-1.694000000000e+01) + sum g_i+ | measured fitness | best measured fitness or single-digit g-values | x1 | x2...
1 0 +5.900912609e+01 +4.206912609e+01 +4.206912609e+01 +1.6546e+00 -1.9928e-01 -2.2258e+00 +3.0356e-01 -4.8255e-01 -2.0156e+00 -6.7612e-01 +3.1380e-01 +1.9060e+00 +1.3120e+00 -1.4849e+00 -3.1604e-01 +5.8746e-01 +1.3821e-01 -4.8261e-01 -1.5306e-01 -3.7412e-01 +9.7572e-01 -1.4956e+00 +1.5147e+00
2 0 +5.298242556e+01 +3.604242556e+01 +3.604242556e+01 -5.3619e-01 +6.0263e-01 -6.6137e-02 +7.3834e-01 -2.5225e+00 +4.2371e-01 -1.7720e+00 -1.0071e-01 -6.8836e-02 -9.2315e-01 +1.5166e+00 -3.0779e-01 +7.3235e-01 -5.5857e-01 +8.1836e-01 +5.1175e-01 -6.2179e-01 -4.5758e-01 +5.1235e-01 +1.4759e+00
6 0 +4.000246705e+01 +2.306246705e+01 +2.306246705e+01 -7.8861e-01 -2.4707e-01 -6.6816e-01 -2.5365e-01 -1.4299e-01 +1.7081e-01 -1.1654e+00 -8.0413e-01 -2.6024e-01 +2.5178e-01 -6.6276e-01 -5.9583e-01 -4.5298e-01 +1.3811e-01 +2.2860e+00 -3.8507e-01 +5.9729e-01 -1.7105e-01 +4.0844e-01 -4.8582e-01
7 0 +2.357622757e+01 +6.636227565e+00 +6.636227565e+00 -4.2390e-01 -2.0515e+00 -3.3942e-01 -6.4317e-01 +1.1613e+00 -4.0557e-01 +1.3952e+00 +6.4352e-01 +2.9762e-01 -5.3654e-01 +6.7399e-01 -9.2424e-01 +8.6720e-01 -9.0748e-01 -5.7567e-01 +3.3343e-01 +8.4166e-01 -9.1714e-01 -5.8706e-01 +2.0638e+00
14 0 +2.032073427e+01 +3.380734266e+00 +3.380734266e+00 -1.6364e-01 +1.8161e+00 +1.5669e+00 -8.2504e-01 +1.3854e+00 +5.3561e-01 -1.0467e+00 +4.6806e-01 +2.2340e+00 -3.7128e+00 +1.4793e+00 -7.5116e-01 +8.8107e-01 -9.9423e-01 +9.9129e-01 +2.5196e+00 +3.9578e-01 -3.3670e+00 -1.8600e+00 +2.8319e+00
51 0 +1.878338299e+01 +1.843382993e+00 +1.843382993e+00 +2.9367e+00 +3.0032e+00 -3.2348e+00 -1.8128e+00 +1.9963e+00 +3.3124e+00 -1.6737e+00 -2.5638e+00 -8.3863e-01 +8.8295e-01 -3.3062e-01 -4.2458e-01 +9.1922e-01 +1.0536e+00 +3.0939e-01 -1.7326e+00 +3.3681e+00 +1.0747e+00 +1.0798e+00 +3.5011e+00
138 0 +1.680452133e+01 -1.354786657e-01 -1.354786657e-01 +1.6123e+00 -5.3239e-01 -2.0917e+00 +8.4709e-01 -2.1610e+00 -2.3776e+00 +3.1155e+00 +3.9381e+00 +8.1809e-01 -1.4206e+00 -2.7509e-01 +9.8855e-01 -3.6258e+00 -1.0491e+00 +4.8895e+00 +2.3131e+00 +2.6363e+00 -8.9707e-01 +2.6113e+00 -4.4646e+00
139 0 +1.609874229e+01 -8.412577134e-01 -8.412577134e-01 +2.2862e-01 -2.2111e-01 -2.0378e+00 +2.2575e+00 -1.0807e+00 -2.3955e+00 +4.2587e+00 +4.4386e+00 -1.3286e+00 -9.1478e-01 -1.5497e+00 -1.1431e+00 -1.6509e+00 -6.7490e-01 +3.9449e+00 +1.9327e+00 +3.3504e+00 +1.0194e+00 +2.2520e+00 -2.8122e+00
142 0 +1.562797190e+01 -1.312028099e+00 -1.312028099e+00 +5.8428e-02 -3.4993e-01 -1.7961e+00 -1.0353e-01 -2.0167e+00 +3.7845e-01 +4.1699e+00 +4.3296e+00 -1.1684e+00 -4.1620e+00 +6.0017e-01 +1.0733e+00 -6.6943e-01 +1.0430e+00 +1.8728e+00 +2.6288e+00 +3.6878e+00 -4.5681e-01 +2.0519e+00 -2.3616e+00
163 0 +1.461777332e+01 -2.322226678e+00 -2.322226678e+00 -1.5057e+00 +9.9481e-01 -3.9674e+00 -1.5409e+00 +1.5147e+00 -1.7589e+00 +3.5786e-01 -4.8489e+00 +6.2607e-01 -1.7607e+00 +1.8661e-01 +8.1596e-01 -7.9433e-01 -4.1139e+00 -2.5686e-01 +1.3879e+00 +8.1664e-01 +2.7467e+00 +5.4692e-01 -2.5593e+00
192 0 +1.345258433e+01 -3.487415668e+00 -3.487415668e+00 -1.0675e+00 -3.2183e+00 +1.4987e+00 -9.2402e-01 +3.6467e-01 +1.3809e+00 +5.3688e-01 -2.6097e+00 +4.3780e+00 -3.8027e+00 +9.9405e-01 -2.1562e+00 -1.7252e+00 -1.6432e+00 +2.1354e+00 +2.1982e+00 +2.2749e+00 +9.3884e-02 +1.2768e+00 +7.6870e-01
315 0 +1.244226695e+01 -4.497733048e+00 -4.497733048e+00 +1.8390e+00 +2.6518e+00 -3.4227e+00 +7.4274e-01 +2.7251e+00 -2.7628e+00 -9.4284e-01 +1.1512e+00 +2.4060e-01 -6.1356e-01 +4.4280e+00 -3.4763e+00 -2.7347e+00 -1.0077e+00 +2.6838e+00 -4.9349e-01 +2.1266e+00 -2.8481e+00 -3.2032e+00 +1.5007e+00
458 0 +1.198883086e+01 -4.951169137e+00 -4.951169137e+00 +2.1245e+00 +1.5874e+00 -2.8273e+00 -1.7081e+00 +2.4976e+00 -1.6008e+00 +1.1279e+00 -1.2611e+00 -1.6380e+00 -1.4417e+00 +9.2268e-02 +4.5258e+00 +1.4015e+00 -1.5226e+00 +4.1432e-01 +1.9718e-01 +3.0464e+00 +1.9798e+00 +4.0515e+00 -7.1563e-01
1255 0 +1.151659556e+01 -5.423404436e+00 -5.423404436e+00 +3.9750e+00 +1.3142e+00 -2.0414e+00 -3.2493e+00 +2.5138e+00 -9.1258e-01 +2.8739e+00 +7.6174e-01 -2.5172e+00 -3.9786e+00 -3.2460e+00 -7.3234e-01 -1.8869e+00 -1.7943e+00 +6.9695e-02 +2.4326e+00 -3.9202e-01 +1.4112e+00 +8.0467e-01 +2.0569e+00
1542 0 +1.143821773e+01 -5.501782269e+00 -5.501782269e+00 +6.9790e-01 +2.1478e+00 -1.7784e+00 +1.4651e+00 -3.3352e-01 -1.0675e+00 +2.6517e-01 -4.9664e-01 +5.6727e-02 -6.6672e-02 +3.2174e+00 -2.0774e+00 -2.2388e+00 -2.6926e+00 +3.0398e+00 +2.6074e-02 -1.1164e+00 +2.2651e+00 +3.3965e+00 +1.2024e+00
% f evaluations | g evaluations | best noise-free fitness - Fopt (1.881000000000e+01) + sum g_i+ | measured fitness | best measured fitness or single-digit g-values | x1 | x2...
1 0 +1.805910185e+01 +3.686910185e+01 +3.686910185e+01 +5.4943e-01 +5.9761e-01 +4.4571e-02 +1.7029e+00 -5.4631e-01 +5.1129e-01 +6.6871e-01 -4.6208e-01 -3.3884e-01 -8.4328e-01 +1.0692e+00 +7.1174e-01 +4.8498e-01 -3.0293e-01 -1.2366e+00 +6.2253e-01 -7.5529e-01 +9.9142e-01 +2.0358e-01 -2.2611e+00
2 0 +1.237393737e+01 +3.118393737e+01 +3.118393737e+01 -7.8965e-01 -3.2883e+00 +1.5162e+00 +1.4934e-01 -3.3695e-01 -4.6279e-01 +1.3094e+00 -5.2761e-01 -4.6889e-01 +2.7647e-01 +9.6829e-01 +1.9533e+00 -1.5712e-01 -7.6871e-01 -9.1248e-01 +6.0051e-01 -3.7157e-01 +1.1348e+00 -6.6358e-01 +2.1716e+00
8 0 +1.201754125e+01 +3.082754125e+01 +3.082754125e+01 +7.1184e-02 +1.0114e+00 -6.5321e-01 -3.9727e-01 -4.9255e-01 +5.0675e-01 +5.8480e-01 +1.5402e+00 +2.7205e-01 +9.5244e-01 -1.1394e+00 +8.1114e-01 -4.2348e-01 -1.6408e+00 +1.0981e+00 +7.3274e-01 -8.3032e-01 -1.6758e+00 +1.9834e+00 +8.7909e-01
12 0 +9.727531775e+00 +2.853753177e+01 +2.853753177e+01 -1.6123e+00 -1.7291e-01 +9.7123e-01 +8.4809e-01 -5.3861e-01 +3.8185e-01 +6.7700e-02 +8.0939e-01 +1.6619e+00 +1.4284e+00 -9.8311e-01 +1.9437e-01 +9.7930e-01 -1.1843e+00 +1.1396e+00 +4.6309e-02 +2.1851e-01 +3.0736e-01 -1.3737e-01 +1.7094e-02
733 0 +8.190232422e+00 +2.700023242e+01 +2.700023242e+01 -1.6504e+00 -7.3609e-01 +1.2137e+00 -2.7489e+00 +4.4811e+00 -1.7082e+00 -8.5508e-01 +1.3139e-01 +4.2882e-01 +1.1047e-01 -3.2021e+00 +1.8357e+00 +1.9382e+00 +7.8240e-01 -9.0367e-01 -9.0461e-01 -1.4218e+00 +2.0824e+00 -6.6364e-01 +1.2111e+00
% f evaluations | g evaluations | best noise-free fitness - Fopt (2.731500000000e+02) + sum g_i+ | measured fitness | best measured fitness or single-digit g-values | x1 | x2...
1 0 +8.985640258e+01 +3.630064026e+02 +3.630064026e+02 -8.7087e-01 -4.0288e-01 +2.9725e-01 +1.0060e+00 +4.1658e-02 +4.8518e-01 -1.1904e-01 +5.3559e-01 -2.6420e-01 -2.4472e+00 -1.0111e+00 -1.8542e+00 +8.6092e-02 -5.8675e-01 +1.2807e+00 +6.9463e-01 -1.0005e+00 +1.2265e+00 +5.5179e-01 +3.1407e-01
2 0 +5.059808011e+01 +3.237480801e+02 +3.237480801e+02 +2.9337e-02 +1.9520e-01 -5.7986e-02 +4.5346e-02 +1.9853e-01 -7.1106e-02 -9.0908e-01 +2.2150e-01 -1.1542e+00 +1.7933e-02 +2.8395e+00 -9.2897e-01 -5.8288e-01 +8.5303e-01 -3.7613e-02 +7.8218e-01 +2.5709e-01 +1.0976e+00 +6.9423e-01 +3.9662e-01
10 0 +3.161279560e+01 +3.047627956e+02 +3.047627956e+02 -2.6289e+00 +1.4673e+00 -4.4858e-01 -1.6339e+00 +3.3105e-02 -1.5778e+00 -9.8180e-01 -2.7007e-01 -1.0659e+00 -1.3030e+00 -8.1582e-01 +3.6164e-01 -2.1837e-02 -7.8247e-01 +4.6755e-01 +6.1269e-01 +2.4066e-01 -2.7894e-01 -1.6701e+00 -2.5664e+00
46 0 +2.085224910e+01 +2.940022491e+02 +2.940022491e+02 -3.5989e+00 +2.5149e+00 +1.1131e+00 +2.5786e+00 +2.2133e+00 +1.5333e+00 +1.1428e+00 -2.0528e+00 +1.0436e+00 -2.9653e+00 -9.5900e-01 +1.4792e+00 -4.4896e-01 +1.5017e+00 +2.9463e+00 -3.0599e+00 -3.3258e-01 -3.9373e+00 -2.7404e+00 -3.6364e+00
50 0 +2.024337824e+01 +2.933933782e+02 +2.933933782e+02 -4.6846e+00 +2.1759e+00 -1.5399e-03 +1.1379e+00 +4.5797e-02 +1.8317e+00 +9.9735e-01 -1.2073e+00 -9.3973e-01 +4.0558e-01 -2.6668e+00 +2.5921e+00 -6.7807e-01 +1.5803e+00 +5.4144e-01 -3.0798e+00 -1.9480e-01 -3.3126e+00 -1.7302e+00 -4.4069e+00
53 0 +1.957363444e+01 +2.927236344e+02 +2.927236344e+02 -2.7437e+00 +1.8350e+00 +1.6882e+00 +3.8810e+00 +8.3654e-01 +1.6232e+00 +7.1441e-01 -3.3757e+00 +3.1764e-01 -3.1964e-01 -4.3668e-01 +2.3063e+00 -2.2075e-01 +9.4152e-01 +7.9602e-01 -4.6891e+00 +1.0614e+00 -1.7889e+00 -1.9104e+00 -2.1088e+00
264 0 +1.919860126e+01 +2.923486013e+02 +2.923486013e+02 -2.5022e+00 +1.9875e+00 +2.1890e+00 -9.2022e-01 +7.4818e-01 +1.4066e+00 -2.4228e+00 -1.0298e+00 +1.1628e+00 +1.9436e+00 -1.0751e+00 +1.7196e+00 -6.9899e-01 +2.0887e+00 -6.8730e-01 -5.3793e-01 +2.3243e+00 +3.3399e-01 -4.1004e+00 +1.6087e+00
336 0 +1.862037103e+01 +2.917703710e+02 +2.917703710e+02 +1.8704e-01 +1.9294e+00 -1.2519e+00 -2.3935e+00 +2.2460e+00 +2.6789e-01 -1.4705e-01 -2.5050e+00 -2.7398e+00 +2.1762e+00 +3.4912e+00 +1.4554e+00 -9.7002e-01 +4.0487e+00 +7.4954e-01 -4.9990e+00 +2.6931e+00 -2.7815e+00 +2.1539e+00 -1.1828e+00
535 0 +1.793938560e+01 +2.910893856e+02 +2.910893856e+02 -3.7794e+00 +1.5621e+00 +1.2091e+00 +1.3904e-01 -3.1281e+00 +1.9255e+00 -3.8247e-01 +1.9025e+00 -6.3020e-01 -1.6205e-01 -7.9371e-01 +3.1408e+00 -2.0566e+00 -1.1490e+00 +4.2249e+00 -5.0713e-01 +1.0925e+00 +4.1887e-01 -1.1460e+00 -3.3757e+00
539 0 +1.718278154e+01 +2.903327815e+02 +2.903327815e+02 -9.3105e-01 +2.0806e+00 +4.1271e-01 -3.4715e-01 -1.8794e+00 +9.5257e-01 +7.8833e-01 +2.6240e+00 -1.2073e+00 +9.9884e-01 -7.7441e-01 +4.8587e+00 -2.6227e+00 +3.2580e-02 +1.3465e+00 -2.7307e+00 +2.0471e+00 +2.4596e+00 -2.7106e+00 -2.4132e+00
1814 0 +1.660866646e+01 +2.897586665e+02 +2.897586665e+02 -9.1781e-01 -5.8248e-01 +1.6116e+00 -1.1672e-01 +1.3014e+00 +2.3492e+00 -1.4706e+00 -6.9306e-01 -2.2609e+00 -2.3535e+00 +3.4003e+00 +2.5918e+00 -1.2920e+00 +2.2575e+00 -2.4386e+00 -3.4118e+00 +4.1112e+00 -1.4258e+00 -1.0860e+00 -4.8677e+00
1937 0 +1.524750238e+01 +2.883975024e+02 +2.883975024e+02 -1.5187e+00 +4.3396e+00 -1.0247e+00 +8.4473e-01 +6.1174e-01 -2.0953e+00 -1.0934e+00 -2.5563e+00 -1.4664e+00 -1.2982e+00 -1.7041e+00 +8.2473e-01 -1.3549e+00 -4.5346e-01 -3.5941e+00 -3.9403e+00 +4.5681e-01 -2.6106e+00 +2.9990e+00 -2.8199e+00
% f evaluations | g evaluations | best noise-free fitness - Fopt (3.718000000000e+01) + sum g_i+ | measured fitness | best measured fitness or single-digit g-values | x1 | x2...
1 0 +1.396194839e+01 +5.114194839e+01 +5.114194839e+01 -1.3481e+00 -8.2194e-01 +7.1727e-01 -2.4774e-01 +1.2930e+00 +1.1932e+00 -2.3224e+00 +3.2420e-01 -1.3008e+00 -3.1075e-01 -1.5582e+00 +4.4126e-01 +1.3625e-01 -1.7913e+00 +1.1966e-01 +7.1847e-01 -5.7275e-01 -2.1882e-02 +3.0476e-01 -8.6608e-01
2 0 +8.945086692e+00 +4.612508669e+01 +4.612508669e+01 -5.5291e-01 +1.2382e-01 -2.9777e-01 -2.0173e+00 -5.8391e-01 +5.1100e-01 -7.2942e-01 -1.8216e+00 -7.3290e-01 -2.4739e-01 -2.1023e+00 -5.7736e-01 +4.5038e-01 +9.2119e-01 -4.1445e-01 +1.7606e-01 -6.5989e-01 -2.0559e-01 -4.5555e-02 +1.1854e-01
390 0 +8.693633031e+00 +4.587363303e+01 +4.587363303e+01 -1.9249e+00 +5.2364e-01 +9.2816e-01 +2.3064e+00 +1.1791e-01 -1.2836e+00 +4.4550e-03 -1.7054e+00 -2.1891e+00 +1.6190e+00 -1.3578e+00 -1.3479e+00 +2.8017e-01 -6.6312e-01 +2.0452e+00 +3.2960e+00 -8.4931e-01 -4.4938e-01 -3.0422e+00 +1.0205e+00
1801 0 +8.429787859e+00 +4.560978786e+01 +4.560978786e+01 -4.5598e+00 +1.5222e-01 +9.9467e-01 -8.0050e-01 -2.8551e+00 -2.5596e+00 +1.4796e+00 -2.5859e+00 +9.8096e-01 +2.5748e+00 -5.1197e-01 +2.7882e+00 +4.6200e+00 -1.4002e+00 -5.9225e-01 +7.2267e-01 -2.6113e+00 +1.7959e-01 +1.2020e+00 +3.2750e+00
% f evaluations | g evaluations | best noise-free fitness - Fopt (-1.479000000000e+02) + sum g_i+ | measured fitness | best measured fitness or single-digit g-values | x1 | x2...
1 0 +1.386820965e+01 -1.340317904e+02 -1.340317904e+02 +1.1680e-01 -4.7812e-01 -1.0764e+00 -2.3962e-01 -5.8070e-01 -8.8778e-01 -3.1125e-01 -7.3634e-01 +4.0800e-01 -1.2345e-02 +1.5209e-01 -1.4954e+00 +8.8114e-01 -2.4491e+00 -1.3055e-01 +1.0968e+00 -1.3943e-01 -4.8434e-01 -4.0648e-01 -1.9424e-01
2 0 +1.273528295e+01 -1.351647171e+02 -1.351647171e+02 -8.2472e-01 -2.3205e+00 -3.2990e-01 +8.2972e-01 -2.3795e-01 -2.8598e+00 -1.8349e+00 +4.3127e-01 -3.8761e-01 +2.5256e-01 -1.4564e+00 +9.3999e-01 -3.6478e-01 +1.6753e+00 +1.6033e+00 +1.2244e+00 +3.3242e-01 +4.7863e-01 -2.6338e-01 +4.4349e-01
10 0 +1.190722771e+01 -1.359927723e+02 -1.359927723e+02 +9.5620e-01 +3.7273e-01 +1.9609e-03 +1.4624e+00 -1.6725e-01 +7.1299e-01 -8.6563e-01 +1.1689e-02 +1.7033e+00 -1.8466e+00 +9.4947e-01 +1.9873e+00 +1.2004e+00 -9.0636e-01 +5.6618e-01 -1.9560e+00 +3.0676e-01 -4.2443e-02 -2.2827e+00 +4.0385e-03
148 0 +1.151417376e+01 -1.363858262e+02 -1.363858262e+02 +5.1240e-01 -3.9807e+00 -6.8865e-01 -8.3821e-01 +8.2472e-01 +8.3117e-01 +2.9179e+00 +6.7993e-01 -2.2287e+00 -5.4761e-01 -2.0318e+00 +7.5689e-01 +9.8111e-01 -2.1831e+00 +1.2965e+00 +1.4590e+00 +9.3405e-01 -2.8388e+00 +3.2551e-01 +5.6638e-01
158 0 +1.116816124e+01 -1.367318388e+02 -1.367318388e+02 +1.7018e+00 -1.2133e+00 -1.1064e+00 -1.8232e+00 +1.9735e+00 +7.6317e-01 +4.3515e+00 +1.4418e+00 +1.4667e-01 -1.3317e-01 -2.1562e+00 -2.6283e-01 -3.4540e-01 -2.4588e+00 +1.4369e+00 +9.0815e-01 +1.6662e+00 -2.8963e+00 -4.0743e-01 +2.3076e-02
182 0 +1.063543453e+01 -1.372645655e+02 -1.372645655e+02 -6.5217e-02 +2.3525e+00 +7.6487e-01 +9.2629e-01 -3.0718e+00 +2.8142e+00 -1.6681e+00 -2.7106e+00 -2.4915e+00 +3.3081e+00 -3.4941e+00 +1.5261e+00 +1.1675e+00 -4.3801e+00 +1.0302e+00 +4.0417e+00 -2.1324e+00 +1.0953e-01 +6.5706e-01 -1.8514e+00
375 0 +1.014699896e+01 -1.377530010e+02 -1.377530010e+02 +2.3165e+00 +5.3344e-02 -4.4953e-01 +6.9030e-01 -4.7153e+00 +1.5125e-01 -3.7982e+00 -1.0876e+00 +3.4504e-01 +1.3957e+00 -7.4758e-03 +6.6942e-01 -7.8954e-03 -2.1044e+00 -2.6026e+00 +4.2299e-01 +2.1449e+00 +1.0246e-01 -1.8971e+00 +1.4896e+00
446 0 +9.879102495e+00 -1.380208975e+02 -1.380208975e+02 +9.7142e-01 +1.1439e+00 +1.3534e+00 -2.5296e+00 -9.6359e-01 -2.8756e+00 -3.9093e-01 +2.7576e+00 -4.1645e-01 +1.1928e+00 -1.6034e+00 +3.4686e+00 -1.9217e+00 +9.0951e-01 -9.2393e-01 +6.3203e-01 -9.4744e-02 -2.5905e+00 -1.2829e+00 -1.4529e+00
% f evaluations | g evaluations | best noise-free fitness - Fopt (4.817100000000e+02) + sum g_i+ | measured fitness | best measured fitness or single-digit g-values | x1 | x2...
1 0 +1.492402397e+01 +4.966340240e+02 +4.966340240e+02 -1.9684e-01 -2.8706e-01 +5.0809e-01 -1.1106e+00 -5.9113e-01 -6.8715e-01 +1.7636e-01 +1.2959e+00 +1.8150e+00 -2.1053e+00 +6.1035e-01 +1.4896e+00 -6.6132e-01 +9.9524e-02 -4.5561e-01 +8.5211e-01 -8.1808e-01 -5.8996e-02 +1.6735e+00 +5.7174e-01
3 0 +1.425732213e+01 +4.959673221e+02 +4.959673221e+02 +1.0050e+00 +7.7467e-02 -2.1511e+00 -6.7236e-02 +1.6635e+00 +1.4274e-01 -5.9510e-01 +1.1080e-02 +7.8484e-01 +8.5784e-02 +7.4688e-01 -1.5615e+00 -6.4807e-01 -1.6454e+00 +7.0942e-01 -2.0850e+00 +2.0265e+00 -1.3297e+00 -7.6881e-01 -1.5112e+00
7 0 +1.407076626e+01 +4.957807663e+02 +4.957807663e+02 +7.7871e-01 +1.1830e+00 -2.8415e-02 +2.8583e-01 +8.4318e-01 +1.2271e-01 +5.7727e-01 -3.3838e-01 +1.0811e+00 -1.8880e-01 -4.9193e-02 +3.6929e-01 -1.7203e+00 -5.2708e-01 -1.1456e+00 +9.1706e-01 -8.8829e-01 +1.3984e+00 +1.0993e-01 +6.8944e-01
8 0 +9.533308301e+00 +4.912433083e+02 +4.912433083e+02 +1.4032e-01 -4.8091e-01 -1.3784e+00 -6.0617e-02 -1.5184e+00 +1.5291e+00 +1.4950e-01 -1.9632e+00 -1.8287e-01 -1.6623e+00 -2.0155e+00 -8.8836e-02 +8.3811e-02 +1.6061e+00 +1.7129e+00 -3.9529e-01 +6.3748e-01 -1.6070e-01 +6.8680e-01 -5.3253e-01
293 0 +8.774966501e+00 +4.904849665e+02 +4.904849665e+02 -1.5205e+00 -2.6390e+00 +9.2969e-01 +9.4781e-01 -2.2062e+00 -1.6066e+00 -4.4248e-02 -6.9700e-01 -1.6093e+00 -3.9184e-01 +1.6625e+00 -2.1607e+00 -4.7993e-01 +1.9895e+00 +2.1419e-01 +6.1445e-01 -3.6161e-01 -3.2234e+00 +3.1196e-01 +4.7979e-01
305 0 +8.406601042e+00 +4.901166010e+02 +4.901166010e+02 +1.7522e+00 -6.5397e-01 +5.7042e-01 +1.5117e-01 +2.3606e+00 +8.5693e-01 +1.4943e+00 -2.1440e+00 +1.0646e+00 +1.2488e+00 -2.4352e+00 -2.8369e+00 -3.0807e+00 -2.2477e+00 -3.7596e+00 +1.4890e+00 +1.3381e+00 -8.2762e-01 -3.0198e-01 -3.7433e-01
310 0 +7.721726189e+00 +4.894317262e+02 +4.894317262e+02 +1.9879e+00 -9.3036e-01 -8.3983e-01 +1.5368e+00 +6.1680e-01 -1.1470e+00 +1.1414e+00 -1.6444e+00 -6.6462e-01 +1.4004e+00 -3.3493e+00 -1.1531e+00 -4.5300e-01 -1.2577e+00 -2.5601e+00 +1.2855e+00 -1.5918e+00 -8.4025e-01 +1.0840e+00 -2.1856e+00
534 0 +6.997124903e+00 +4.887071249e+02 +4.887071249e+02 -1.5091e+00 -1.0355e-01 -2.2980e+00 -6.6946e-01 +1.4776e+00 +7.6016e-01 -2.4462e-01 -8.4719e-01 -1.8751e+00 +2.2317e+00 -2.2924e+00 +5.5310e-01 -4.2203e-01 -3.3836e-01 -2.4157e+00 -2.0045e+00 +1.6678e+00 -4.2977e-02 +2.1140e+00 -7.9962e-01
% f evaluations | g evaluations | best noise-free fitness - Fopt (-3.646000000000e+01) + sum g_i+ | measured fitness | best measured fitness or single-digit g-values | x1 | x2...
1 0 +1.506328374e+01 -2.139671626e+01 -2.139671626e+01 +1.0723e+00 +1.4595e-01 -1.0708e+00 +8.0364e-01 -1.7713e-01 +1.3505e+00 +7.4726e-02 +1.1905e+00 +8.8960e-01 -3.4759e-01 +2.7473e-01 +5.2412e-01 -7.6002e-01 -1.4374e+00 -8.3415e-01 -4.9653e-01 +3.2585e-02 +6.3091e-01 +1.8163e+00 -1.9999e+00
4 0 +1.436717949e+01 -2.209282051e+01 -2.209282051e+01 -2.7487e-01 +4.5413e-01 -3.1632e-01 +1.0310e+00 -2.7612e-02 -5.1314e-01 +4.2204e-01 +1.6112e+00 -1.2852e-01 +9.1236e-01 -1.2311e+00 +2.9835e-01 +5.9344e-01 +3.8563e-01 +1.0813e+00 +1.7474e+00 +1.3071e-01 +7.6754e-01 -3.5112e-01 +2.6277e-01
6 0 +1.389582239e+01 -2.256417761e+01 -2.256417761e+01 -1.4433e+00 -4.7155e-01 -3.4450e-01 -1.4304e+00 +3.8588e-01 +6.6601e-01 +2.3520e-01 +5.8618e-01 +1.1870e+00 -2.0588e-01 -3.4724e-01 -5.4604e-01 +1.0554e+00 -1.1831e+00 +7.9333e-01 -2.5282e-01 -2.5630e-01 +4.2008e-01 -3.6737e-01 -6.1132e-01
9 0 +1.153323790e+01 -2.492676210e+01 -2.492676210e+01 +1.3901e-01 -1.2055e+00 +5.7711e-01 -1.3331e+00 +9.8807e-01 -8.8497e-01 +8.9641e-01 +1.2211e+00 +1.4449e+00 +3.0157e-01 -2.9903e-01 +1.6088e+00 -4.9230e-01 -1.1200e-01 +7.7834e-01 -1.3996e-01 -5.5915e-01 +1.8851e-01 -1.5903e+00 +4.0633e-01
14 0 +1.065627851e+01 -2.580372149e+01 -2.580372149e+01 +1.8079e+00 -6.0443e-01 -2.4002e+00 -1.8751e+00 +2.1307e+00 +3.7610e+00 +2.3195e+00 -2.6673e+00 -1.6098e+00 +4.5710e-01 -1.8909e+00 -4.5300e-01 +3.6814e-01 +1.5248e+00 +1.2216e+00 -1.1821e+00 +3.2321e+00 -1.4474e+00 -2.8290e-01 -1.1243e+00
15 0 +9.576584736e+00 -2.688341526e+01 -2.688341526e+01 +1.6609e+00 +1.2198e+00 -1.7056e+00 -9.4005e-01 +1.3343e+00 +3.6080e+00 +2.1781e+00 -1.9900e+00 -2.2563e+00 -7.1482e-01 -3.5589e+00 -6.7091e-01 -6.5894e-01 +1.4017e+00 +2.8397e+00 -8.3412e-01 +1.9875e+00 -1.9916e+00 -4.9907e-01 +5.2721e-01
16 0 +8.858866904e+00 -2.760113310e+01 -2.760113310e+01 +5.9559e-01 -6.4398e-01 -1.4789e+00 +3.6711e-02 +1.1255e+00 +3.7390e+00 +9.8544e-01 -2.8043e+00 -2.0771e+00 -1.7731e+00 -1.3940e+00 -2.4182e+00 +7.0597e-01 +1.4716e+00 +2.2161e+00 -6.9673e-01 +2.5194e+00 +4.1463e-01 -1.9356e+00 +8.0862e-02
% f evaluations | g evaluations | best noise-free fitness - Fopt (3.920000000000e+01) + sum g_i+ | measured fitness | best measured fitness or single-digit g-values | x1 | x2...
1 0 +1.673266374e+01 +5.593266374e+01 +5.593266374e+01 +2.0451e+00 -1.4428e-01 -1.9861e-01 -8.1462e-01 -3.5635e-01 +1.2270e+00 +1.1394e+00 -1.0600e+00 +4.3776e-01 -1.0269e+00 -8.4125e-01 -3.5533e-01 -5.8127e-01 +6.8022e-01 -6.7852e-01 -2.2247e+00 -8.5162e-01 -1.9956e+00 +7.0889e-01 +4.2394e-01
171 0 +1.392569811e+01 +5.312569811e+01 +5.312569811e+01 +4.0472e+00 -1.6509e+00 +6.0587e-02 +9.2939e-01 +1.9721e+00 -2.5997e-02 +2.5952e+00 -4.0392e-01 +1.5699e+00 +6.1722e-01 -3.6036e+00 +2.5864e-01 -6.5288e-01 +3.7003e+00 -2.1129e-01 +1.7279e+00 -2.4976e+00 -1.2920e+00 +1.8707e+00 +8.0631e-01
603 0 +1.197186392e+01 +5.117186392e+01 +5.117186392e+01 +3.1541e+00 +1.1734e+00 +3.6003e-01 -1.3682e+00 +3.9994e+00 +1.0069e+00 +1.2413e+00 +2.3088e+00 +1.8055e+00 -8.3881e-01 -1.0818e+00 -1.5731e+00 +2.4671e+00 +4.2986e-01 +1.4084e+00 -1.0172e-01 +9.2203e-01 -9.7396e-01 +2.9411e-01 -3.3288e+00
608 0 +1.134993546e+01 +5.054993546e+01 +5.054993546e+01 +2.9413e+00 +9.3076e-01 +1.2220e+00 -8.0532e-01 +3.2269e+00 +2.3323e+00 +2.0386e+00 +2.1941e+00 +5.7225e-01 -1.2630e+00 +7.7691e-01 -1.6211e+00 +1.0115e+00 +7.1972e-01 +3.5548e+00 +3.1375e-01 +8.1484e-01 -1.9062e+00 +1.4810e+00 -4.4193e+00
834 0 +9.324176854e+00 +4.852417685e+01 +4.852417685e+01 +2.2852e+00 +8.4050e-01 -2.5641e-01 +2.9834e+00 +1.8484e+00 -1.4008e+00 +1.0265e+00 -6.1049e-01 -1.9687e+00 -1.6229e+00 +3.5842e-01 -2.6924e-01 +2.4974e+00 +5.0756e-02 +2.0131e-01 -7.7732e-01 +7.7608e-01 +1.0511e+00 -8.8822e-02 -3.1160e+00
% f evaluations | g evaluations | best noise-free fitness - Fopt (-3.225000000000e+01) + sum g_i+ | measured fitness | best measured fitness or single-digit g-values | x1 | x2...
1 0 +3.214353164e+01 -1.064683629e-01 -1.064683629e-01 +1.8169e-01 +1.9835e+00 +5.6707e-01 -2.7079e+00 -6.4171e-01 -2.0363e-01 +3.1645e-02 +7.0692e-01 -1.3359e+00 -6.6803e-02 -2.4514e+00 +2.6103e-01 +4.7593e-01 +1.0769e+00 +4.3051e-01 -6.1684e-01 -8.9308e-01 +6.3424e-01 +1.8629e+00 -1.4251e+00
4 0 +3.204118932e+01 -2.088106793e-01 -2.088106793e-01 +1.8206e+00 -2.4248e-01 +3.7056e-01 -2.2593e-01 -1.3103e+00 -1.4844e+00 +1.3588e+00 +1.1970e+00 -5.8734e-01 -1.3032e-01 -2.9724e+00 -1.8152e-01 -3.3405e-01 +6.1393e-01 -1.6260e+00 -1.2619e+00 +4.9420e-01 +2.2317e-01 +6.5932e-01 +1.6121e+00
7 0 +2.758618778e+01 -4.663812216e+00 -4.663812216e+00 -4.4929e-01 -3.5291e-01 -7.1728e-01 +2.1017e-01 +1.0417e+00 -4.9216e-02 -1.3896e+00 -7.4680e-01 -9.9598e-01 -1.1718e+00 -7.0387e-01 +2.5333e-01 +2.5151e-01 -8.2638e-01 -4.6907e-02 -1.2811e-01 -3.7346e-01 +9.3811e-01 +1.5835e+00 +2.5577e+00
19 0 +1.306820055e+01 -1.918179945e+01 -1.918179945e+01 +4.1841e+00 -2.1311e+00 -1.0340e+00 -2.1271e+00 -7.9644e-01 -2.4270e+00 +1.0038e-01 -3.9768e+00 +2.6264e+00 +3.0882e+00 +9.7327e-01 -9.2207e-01 -6.7097e-01 +2.3162e+00 +1.8281e+00 +3.3469e+00 -2.7454e+00 +2.3554e+00 +2.7323e+00 -1.7670e-01
48 0 +1.141661540e+01 -2.083338460e+01 -2.083338460e+01 +4.6370e+00 +1.9270e-01 -3.6481e+00 -3.1567e+00 -4.3760e-01 +3.8288e+00 -2.1472e+00 +2.2312e+00 +4.5666e+00 +1.7558e+00 +8.1996e-01 +1.8162e+00 -1.1972e+00 +1.5155e+00 +3.4790e+00 +1.7540e+00 +1.0090e+00 +4.0366e+00 +6.9411e-01 +2.1424e+00
169 0 +8.101795708e+00 -2.414820429e+01 -2.414820429e+01 +2.6622e+00 +4.6610e-01 -2.5668e+00 -1.6261e+00 +6.9588e-01 -3.3532e+00 +3.3129e-01 -1.4029e+00 +4.0640e+00 +2.5559e+00 +1.7464e+00 +4.1134e+00 -4.5854e-01 -2.5839e+00 -9.0390e-01 +4.8549e+00 +5.4102e-01 +2.4695e+00 +5.2705e-01 +3.3385e-01
% f evaluations | g evaluations | best noise-free fitness - Fopt (3.681200000000e+02) + sum g_i+ | measured fitness | best measured fitness or single-digit g-values | x1 | x2...
1 0 +1.544997000e+01 +3.835699700e+02 +3.835699700e+02 +1.3256e+00 +6.0559e-02 +4.6376e-01 +8.8131e-01 -6.6759e-02 +2.1007e-02 +3.3100e-01 -4.7595e-01 -7.8113e-01 -8.6169e-01 +1.0659e-01 -4.4126e-01 +2.9066e-01 +2.7133e-01 -1.9749e-02 -1.4159e+00 +7.1336e-01 -3.8810e-01 +8.9064e-01 -1.4766e+00
10 0 +1.020128939e+01 +3.783212894e+02 +3.783212894e+02 -5.7187e-02 -9.7294e-01 -4.2836e-01 -1.3055e+00 -8.1425e-01 -1.8443e+00 +1.2803e+00 -1.3100e-01 +6.3296e-01 -2.8261e-01 +9.6345e-01 -1.6321e+00 -1.3656e+00 -1.0096e+00 +1.0570e+00 -2.0470e+00 +1.2317e+00 -7.1778e-01 +2.9391e-01 -6.4337e-01
22 0 +8.341938306e+00 +3.764619383e+02 +3.764619383e+02 -3.4850e+00 -2.0173e-01 +6.8701e-01 -2.6606e+00 -1.2895e+00 +1.2682e+00 +2.0790e+00 -2.7238e+00 +8.6646e-01 -5.2566e-01 -2.2588e+00 +1.5600e+00 -2.0380e+00 -2.5863e+00 -1.4551e+00 -3.6296e+00 -1.1338e+00 -3.4153e+00 +9.1860e-01 +6.2580e-02
% f evaluations | g evaluations | best noise-free fitness - Fopt (4.739000000000e+01) + sum g_i+ | measured fitness | best measured fitness or single-digit g-values | x1 | x2...
1 0 +2.332033617e+01 +7.071033617e+01 +7.071033617e+01 +5.3985e-01 +8.7712e-02 -1.3359e+00 +4.8994e-01 -2.5732e-01 -2.3012e+00 -7.2678e-01 -4.7371e-01 +2.8353e-01 +1.4078e+00 +3.2305e-01 +1.0322e+00 +2.0555e-01 -4.7654e-01 -1.6014e+00 -7.3615e-01 +1.6593e-01 -2.2199e-01 +1.5995e-01 -2.3683e-01
3 0 +1.404021893e+01 +6.143021893e+01 +6.143021893e+01 +3.9430e-01 -3.9543e-01 +5.6941e-01 +4.4909e-01 -1.4836e+00 +8.2724e-02 -2.3415e-01 +1.0072e+00 -5.7321e-01 -3.2473e-01 -6.7773e-01 -8.9624e-01 +1.2320e+00 +5.6862e-01 -1.8872e+00 -8.9163e-01 -3.4998e-01 +2.1455e-01 +1.1296e+00 -1.9753e+00
7 0 +1.090513011e+01 +5.829513011e+01 +5.829513011e+01 +2.1376e-01 -6.4438e-01 -1.2012e+00 +3.9650e-01 +8.0640e-01 +2.2322e-01 +8.9142e-01 +1.4437e+00 -2.2891e-01 -7.1696e-01 -5.1030e-03 -4.8209e-03 +7.4507e-01 -1.3633e+00 -7.9900e-01 +4.2168e-01 +2.6175e-02 +8.0610e-01 +7.5842e-01 +4.0240e-02
190 0 +1.063936050e+01 +5.802936050e+01 +5.802936050e+01 +1.0155e-01 -8.2438e-01 -1.7899e+00 -8.0623e-01 +8.4458e-04 +1.1976e+00 +2.0591e+00 +2.5784e+00 +2.9816e+00 -2.9128e+00 +2.2861e+00 +6.4023e-01 +8.3873e-01 -6.3450e-01 -1.8296e+00 -3.7642e-01 +1.9016e+00 -3.7281e-01 +1.0686e+00 +1.3220e-01
205 0 +6.978518148e+00 +5.436851815e+01 +5.436851815e+01 -1.7672e+00 +8.8404e-01 -5.7252e-01 +6.8003e-01 -1.1125e-02 -7.5065e-01 +2.8111e+00 +2.2077e+00 -3.0134e+00 -1.6677e+00 +1.0077e+00 -3.8787e-02 +7.8044e-01 +2.4908e+00 +8.6281e-01 -7.9558e-01 -3.5024e+00 -2.0797e+00 +7.5825e-01 -4.0938e-01
% f evaluations | g evaluations | best noise-free fitness - Fopt (-3.428900000000e+02) + sum g_i+ | measured fitness | best measured fitness or single-digit g-values | x1 | x2...
1 0 +1.584529492e+01 -3.270447051e+02 -3.270447051e+02 +9.8420e-01 -8.6813e-01 +1.9013e-01 -1.2511e+00 +5.1727e-01 +7.8174e-01 -2.5713e-02 -1.5160e-01 -4.1293e-01 +2.3520e-01 +1.4781e-01 +1.2552e-01 +7.3873e-01 -7.7864e-01 -1.2273e+00 +2.3568e-01 -1.0634e+00 -1.5082e-01 +1.1308e-02 +5.4637e-01
2 0 +1.292092534e+01 -3.299690747e+02 -3.299690747e+02 +7.3742e-01 +9.2575e-01 +1.8449e+00 -1.6811e+00 +1.1861e+00 +1.0182e+00 -3.7388e-01 +6.8492e-01 +1.3622e+00 -1.1517e+00 +4.3011e-01 +1.7134e+00 +9.6094e-01 -4.0246e-01 +7.7109e-01 -1.1224e+00 +1.6664e+00 -6.3222e-01 +9.2795e-01 -8.2769e-01
28 0 +1.195283210e+01 -3.309371679e+02 -3.309371679e+02 -2.7403e-02 -3.2386e+00 +1.2944e+00 -2.8584e+00 -8.8969e-02 -1.5404e+00 +8.8060e-01 +1.2491e+00 +1.5640e+00 +3.6262e-01 -3.7658e-01 -1.0468e+00 -1.3790e+00 +5.0144e-01 -4.5108e-01 -9.9097e-02 +2.8407e+00 +2.4882e+00 -2.5550e+00 +1.8224e+00
34 0 +9.771357379e+00 -3.331186426e+02 -3.331186426e+02 +1.7238e+00 -4.4110e+00 +3.9901e+00 -2.1161e+00 +1.4248e-01 -1.6186e+00 +1.7861e+00 +2.8385e+00 +1.8080e+00 +4.9492e-01 +1.1498e+00 -2.4265e+00 -5.5353e-01 +1.4974e+00 -4.6991e-01 +3.0198e+00 +2.6647e+00 -1.0006e+00 -1.9508e+00 +1.1575e+00
155 0 +9.146816732e+00 -3.337431833e+02 -3.337431833e+02 -1.8018e+00 +2.6946e+00 +1.9350e+00 -9.9294e-01 +2.4892e+00 -1.2869e+00 -3.8894e+00 -1.0911e+00 +2.9153e+00 -2.8050e+00 +1.5955e+00 -6.6548e-01 +3.0602e+00 -8.3958e-01 -9.0969e-02 +3.0783e+00 +2.5656e-01 -3.7755e+00 -3.4954e+00 +2.7804e+00
522 0 +7.994565894e+00 -3.348954341e+02 -3.348954341e+02 +3.2682e-01 +1.8827e-01 +1.9857e+00 -1.1068e+00 -1.4975e+00 +8.3432e-01 -2.5241e+00 +3.8566e+00 +2.4110e+00 +2.8794e+00 -9.4796e-01 +8.6129e-01 +3.1076e-01 +6.5839e-02 -1.2993e-02 +2.5025e+00 +2.1886e+00 -1.7830e+00 -4.5510e-01 +1.3724e+00
% f evaluations | g evaluations | best noise-free fitness - Fopt (9.102000000000e+01) + sum g_i+ | measured fitness | best measured fitness or single-digit g-values | x1 | x2...
1 0 +4.162542153e+01 +1.326454215e+02 +1.326454215e+02 +4.7874e-01 +9.0905e-01 -1.1605e+00 -7.2476e-01 -5.2197e-01 +1.7102e+00 -4.8992e-01 -1.0922e+00 -7.2718e-01 -7.1722e-01 -9.1002e-01 -1.4492e+00 -2.2259e+00 -9.6584e-01 +1.1192e+00 +8.6376e-01 +8.1869e-03 +5.0640e-01 -1.0417e+00 +2.3655e+00
2 0 +2.216192780e+01 +1.131819278e+02 +1.131819278e+02 -7.7536e-01 +6.1023e-01 +1.0181e+00 -5.0508e-01 -1.5024e+00 -1.0014e+00 -1.1427e+00 +4.1715e-01 -1.8524e+00 +6.1451e-01 -1.2319e+00 +1.7845e+00 +4.7823e-01 +8.3490e-02 -5.4893e-01 -1.9818e+00 -8.4763e-01 -8.4327e-02 -1.9899e-01 -1.5372e+00
5 0 +2.138166906e+01 +1.124016691e+02 +1.124016691e+02 -7.0289e-01 +9.2470e-01 -3.0392e-01 -8.7080e-01 -1.3082e+00 -1.5877e+00 +1.5584e+00 +2.2954e-01 +1.2514e-02 -8.5307e-02 +7.3238e-01 +1.5110e+00 -1.6853e+00 +1.0245e+00 -1.3239e-01 +6.0045e-02 +3.8145e-02 +1.1723e+00 +2.8016e-01 +1.1262e+00
8 0 +1.942038298e+01 +1.104403830e+02 +1.104403830e+02 -8.4962e-01 -6.8008e-01 -7.5112e-01 +1.9399e+00 -8.2707e-01 +4.0562e-01 +2.1103e-01 +3.5844e-01 +3.7138e-01 +9.6281e-02 +1.3802e+00 +1.1682e+00 -2.5249e+00 -1.2753e+00 -7.7561e-01 -6.6214e-01 -4.6924e-01 +5.4981e-01 +6.5662e-02 +5.5444e-01
10 0 +1.580668880e+01 +1.068266888e+02 +1.068266888e+02 -2.2723e+00 -2.1380e+00 +1.4494e-01 -1.9811e+00 +1.8788e+00 +1.0289e+00 -3.2955e-02 -1.9362e+00 +9.5405e-01 -9.5537e-01 +4.1878e-01 +4.0643e-01 -4.0782e-01 -2.5636e-01 -9.8646e-01 +3.4224e-02 +4.3838e-02 +1.9647e+00 -4.9380e-01 +3.8151e-01
38 0 +1.471827616e+01 +1.057382762e+02 +1.057382762e+02 +2.2405e+00 +5.1162e-01 +4.0582e+00 -2.2614e+00 +4.0518e-01 -1.3542e+00 -1.0455e+00 +1.6836e+00 -2.7227e+00 -1.3296e+00 -3.4219e+00 -1.4965e+00 +9.9238e-01 -2.0432e+00 -4.5522e+00 +2.0855e+00 +1.1745e+00 +6.6212e-01 -1.6033e+00 +3.9940e+00
157 0 +1.287694493e+01 +1.038969449e+02 +1.038969449e+02 -1.0828e+00 -3.3246e+00 +2.2784e+00 -1.7279e+00 -8.6487e-01 -8.6635e-02 -4.6340e-01 -2.5441e-01 +1.7378e+00 -8.3872e-01 -3.3622e+00 +1.3925e+00 +2.4371e+00 -1.0405e+00 -2.6170e+00 +1.0303e+00 +1.9762e+00 +1.0145e+00 -3.3878e+00 +2.2653e+00
158 0 +1.053433101e+01 +1.015543310e+02 +1.015543310e+02 -1.8056e+00 -3.1557e+00 +1.6803e+00 +2.4989e-01 -1.1253e+00 -1.1628e+00 +1.0222e+00 -2.0613e+00 +1.7053e+00 -1.7376e+00 -2.4089e+00 +8.6027e-01 +2.1264e+00 -1.3114e+00 -2.2311e+00 +1.8913e+00 +1.9354e+00 -3.3156e-01 -1.7562e+00 +2.4430e+00
416 0 +9.262387535e+00 +1.002823875e+02 +1.002823875e+02 +1.7850e+00 +1.9873e+00 +3.1447e+00 -4.9179e-01 -1.3412e+00 -1.9749e+00 +1.6118e+00 -1.8678e+00 -4.0067e+00 -3.3236e+00 +2.2273e+00 -4.1121e-02 -2.6666e-01 -1.9619e-01 -3.6596e+00 -3.6898e+00 +4.1519e+00 -3.3143e-01 -5.0512e-01 +3.4140e+00
769 0 +8.132142168e+00 +9.915214217e+01 +9.915214217e+01 +4.8734e-02 -8.4602e-01 +2.3499e+00 +3.1695e-02 -2.7171e-01 -1.2177e+00 -1.0745e+00 +1.9346e+00 -2.8826e-01 -1.2047e+00 +1.4635e+00 -1.7191e+00 +5.0158e-01 +3.5948e-01 -2.7917e+00 +2.2878e+00 +2.2389e+00 +4.8473e+00 +1.9330e+00 +4.4091e+00
772 0 +7.475803256e+00 +9.849580326e+01 +9.849580326e+01 -1.0278e+00 +5.8358e-01 +1.6239e-01 +3.9847e-01 -7.8513e-01 -1.0339e+00 -8.8843e-02 +2.5608e-01 -6.6808e-01 -1.2314e+00 +2.6151e+00 +1.4972e+00 +1.0029e+00 -1.0174e+00 -4.5789e+00 +1.4072e+00 -5.4396e-01 +4.2574e+00 +1.2270e+00 +2.4031e+00
1787 0 +5.844708205e+00 +9.686470820e+01 +9.686470820e+01 -5.6837e-01 +1.1299e+00 +3.1320e+00 -2.3403e+00 -9.7218e-01 -8.9220e-01 -3.0616e-01 -1.2924e+00 -2.7736e+00 -1.4419e+00 -1.9275e+00 +1.3696e+00 -1.5274e-02 -2.1995e+00 -4.6766e+00 +1.0872e-01 +1.3345e+00 +1.4617e+00 +9.7601e-01 +2.0305e+00
% f evaluations | g evaluations | best noise-free fitness - Fopt (7.324200000000e+02) + sum g_i+ | measured fitness | best measured fitness or single-digit g-values | x1 | x2...
1 0 +1.976512394e+01 +7.521851239e+02 +7.521851239e+02 +2.8263e+00 +4.0865e-01 -1.4476e+00 -4.0831e-01 +1.1844e+00 -1.4840e+00 +1.5701e+00 +4.1121e-01 +8.4502e-01 -1.5706e-02 -1.0223e-01 -2.0367e-01 +7.9767e-01 +5.6978e-01 +9.4103e-02 -3.8361e-01 +1.2014e-01 -2.3406e+00 -7.0191e-01 -5.4655e-01
2 0 +1.503129357e+01 +7.474512936e+02 +7.474512936e+02 +6.9447e-01 -5.4341e-01 +5.7231e-01 +2.3747e+00 +1.0631e-01 -5.6823e-01 +1.2480e+00 -1.3997e+00 -8.8288e-01 +3.1421e-01 +2.3151e-01 +2.2684e-02 +9.1375e-01 +4.1766e-01 -1.0860e+00 -6.6806e-01 -3.3024e-01 +9.0301e-01 -8.7167e-01 -9.3071e-01
8 0 +1.463831579e+01 +7.470583158e+02 +7.470583158e+02 -5.0725e-01 +1.3091e+00 +1.6065e+00 -1.6763e-01 -1.5751e+00 +8.0581e-01 +2.8490e+00 +5.5770e-01 +1.2350e+00 -5.5374e-01 -1.2490e-01 +6.0757e-01 -6.3529e-02 -3.0333e-01 -4.5966e-02 -1.5113e+00 +5.4754e-01 -1.1699e+00 +2.8069e-02 -7.0247e-01
10 0 +1.192428888e+01 +7.443442889e+02 +7.443442889e+02 -8.3884e-01 +2.3365e+00 +1.4779e+00 +1.0639e-01 +4.1545e-01 -2.6216e-01 +1.3087e+00 +1.7035e-01 -2.6719e-01 -1.1109e+00 -1.7262e+00 +1.2437e+00 -2.4173e-01 -1.1532e+00 -6.6809e-01 -6.7239e-01 +4.2412e-01 +1.5404e-01 -9.7831e-01 -1.7889e+00
70 0 +1.111964148e+01 +7.435396415e+02 +7.435396415e+02 -1.6733e+00 +2.3574e-01 +2.3475e+00 +6.6805e-01 -8.6701e-01 +3.1661e+00 -3.3421e-01 -1.3943e+00 +1.4589e+00 -7.8252e-01 +3.5724e-01 +2.6636e+00 -9.4200e-01 -2.5598e+00 +1.0398e+00 +1.5225e+00 -2.5004e+00 -3.4906e+00 -1.0995e+00 -3.7231e+00
1145 0 +1.053891938e+01 +7.429589194e+02 +7.429589194e+02 -1.2204e-01 -2.5887e+00 +2.3814e+00 -1.9637e+00 -1.0177e+00 +2.3682e-01 -2.6919e+00 -1.6581e+00 -4.3288e+00 +1.7199e+00 +3.6520e+00 -1.5894e+00 -7.0990e-01 +2.0859e+00 +2.5350e+00 +2.4755e+00 -2.1893e+00 -7.2439e-01 -4.9968e+00 +2.9444e+00
% f evaluations | g evaluations | best noise-free fitness - Fopt (3.542000000000e+01) + sum g_i+ | measured fitness | best measured fitness or single-digit g-values | x1 | x2...
1 0 +1.253832079e+01 +4.795832079e+01 +4.795832079e+01 -1.3798e+00 -4.5674e-01 +1.1194e-01 +8.4098e-01 +2.5910e+00 +1.9725e+00 -6.3042e-01 +7.5318e-01 -4.2443e-01 +1.2463e-01 -4.3730e-01 +4.6542e-01 -6.6134e-01 +1.8716e+00 +1.9679e+00 +6.6204e-01 +3.9614e-01 -1.1318e+00 +1.8769e+00 -1.4096e+00
2 0 +1.195220109e+01 +4.737220109e+01 +4.737220109e+01 +3.0870e-01 +1.5808e+00 +3.4998e-01 -1.3207e+00 +9.7560e-01 +8.3422e-01 -1.4958e+00 -8.4858e-01 -2.2615e+00 +5.9165e-01 -5.5679e-01 -2.5985e-01 -1.5084e+00 -1.2815e+00 -4.3314e-01 +1.4386e+00 -6.8803e-01 +2.6454e-01 -1.0490e+00 -7.4999e-02
4 0 +9.169622353e+00 +4.458962235e+01 +4.458962235e+01 +6.1077e-01 -6.7894e-01 +2.4686e-01 -8.9404e-01 +3.1483e-01 +2.5190e+00 -1.0247e+00 -7.4863e-01 +2.1117e-01 -1.7402e-01 -1.3793e+00 -1.0066e+00 -1.8784e-01 -2.3558e-01 +8.9634e-01 -1.3083e-01 +5.5419e-01 -1.2968e+00 +1.3557e+00 +2.3684e-01
650 0 +9.106478228e+00 +4.452647823e+01 +4.452647823e+01 +1.3924e+00 +9.2089e-02 -1.4166e+00 +2.8972e+00 +1.0282e+00 +1.6172e+00 -2.3094e-01 +6.9316e-01 +8.6040e-01 -3.7459e+00 -2.8665e+00 +1.8694e+00 -2.0043e+00 -1.8093e+00 -4.9791e+00 -4.4620e-01 +2.1685e+00 +1.0395e+00 -3.6242e+00 +1.2644e+00
