% f evaluations | g evaluations | best noise-free fitness - Fopt (4.078000000000e+01) + sum g_i+ | measured fitness | best measured fitness or single-digit g-values | x1 | x2...
1 0 +7.800585990e+01 +1.187858599e+02 +1.187858599e+02 +1.9276e+00 -1.1887e+00 +4.7871e-01 -2.0766e-01 -1.8500e+00 -9.0257e-01 -9.8057e-01 +3.4491e-01 +6.5131e-01 -9.9577e-01 -6.7071e-01 -1.0319e+00 -5.4344e-01 -1.1541e+00 -5.7594e-01 +7.6667e-01 +1.9817e+00 -1.2000e+00 +3.8821e-01 -2.2527e-01
3 0 +7.612577178e+01 +1.169057718e+02 +1.169057718e+02 -1.0284e+00 -1.5811e+00 -8.8631e-01 +1.6707e-01 -1.9823e-01 -1.0729e-01 +8.6106e-01 +1.2320e+00 -3.0927e-01 -1.3755e+00 +1.8334e-02 +6.5793e-01 -1.2036e+00 +2.4813e-01 -1.8534e+00 -2.0309e+00 +2.3055e+00 +2.3432e+00 -5.2893e-01 +1.6664e-01
43 0 +7.540772153e+01 +1.161877215e+02 +1.161877215e+02 -1.7177e+00 -2.4214e+00 +1.1639e+00 +1.3876e+00 +3.9586e+00 -7.1630e-02 +2.0232e+00 -2.2792e+00 -9.8240e-01 +1.4638e+00 -8.6662e-01 +2.2253e+00 -1.2512e+00 -1.3943e+00 -9.7835e-03 +2.2278e+00 +5.2107e-01 -3.8652e+00 +1.6027e+00 +5.1253e-01
216 0 +7.328117738e+01 +1.140611774e+02 +1.140611774e+02 -1.7376e+00 -6.6500e-01 +2.3364e+00 -1.0579e-01 +4.1858e+00 -3.6879e+00 -5.0043e-01 -2.6628e-01 -1.7838e+00 +1.8406e+00 +4.9023e+00 +2.5283e+00 -9.5825e-01 +1.7005e+00 +7.6896e-01 -2.3678e+00 +3.4229e-02 -7.3806e-01 +3.4764e+00 -1.5882e+00
221 0 +6.921117779e+01 +1.099911778e+02 +1.099911778e+02 -1.5216e+00 -2.4241e+00 +1.3027e+00 +3.2428e-01 +1.8738e-01 -4.3367e+00 -4.0985e-01 -1.1707e+00 -2.6495e+00 +3.1872e+00 +3.7601e+00 +2.4844e+00 -2.9263e+00 +3.3621e+00 +1.6121e+00 -1.4011e+00 +1.2296e-02 +9.7572e-01 +9.2264e-01 -1.1048e+00
247 0 +6.273232228e+01 +1.035123223e+02 +1.035123223e+02 -2.5053e+00 -1.9368e+00 +2.7058e+00 +3.8219e+00 -1.5378e+00 +3.6469e+00 -8.8933e-01 -2.8090e+00 +2.2390e+00 -1.2235e+00 +5.3337e-01 +3.3639e-01 -2.1186e+00 -4.2244e+00 +2.2098e+00 -3.5602e+00 -9.9976e-01 +1.4604e+00 -3.2329e-01 +2.1661e+00
% f evaluations | g evaluations | best noise-free fitness - Fopt (-1.600000000000e+00) + sum g_i+ | measured fitness | best measured fitness or single-digit g-values | x1 | x2...
1 0 +7.752395132e+01 +7.592395132e+01 +7.592395132e+01 +2.0916e-01 +1.1929e+00 +1.1156e+00 +3.9015e-01 -9.1079e-01 +1.8860e+00 -2.4711e-01 -1.3223e+00 +6.8517e-01 -6.2003e-01 +7.8856e-01 -7.1592e-01 +5.2712e-01 -9.0056e-01 +7.9574e-02 -1.0140e+00 -6.7847e-01 +1.0991e-01 +1.8508e-01 +2.3858e-01
2 0 +7.625331601e+01 +7.465331601e+01 +7.465331601e+01 -3.1077e-02 +8.9867e-01 -5.5171e-01 -5.0247e-01 +2.4983e-01 -3.8166e-01 -2.1776e-01 -2.5420e-01 -7.8023e-01 -7.5771e-01 -2.5533e+00 +8.2940e-01 -1.3047e-01 +3.3910e-01 -2.0239e+00 +4.2823e-01 -1.7840e-01 -1.7306e+00 -1.1795e+00 +2.6420e-01
93 0 +7.278939231e+01 +7.118939231e+01 +7.118939231e+01 -2.3036e+00 +7.7561e-01 -6.1709e-01 +3.5274e+00 +2.8775e+00 -1.3542e+00 -9.8449e-01 -1.4714e+00 +1.4180e-01 -9.5112e-01 -8.6775e-01 +8.2893e-01 -1.5657e+00 -1.5719e+00 +3.4080e+00 +1.9422e-01 +2.9379e-01 -4.8914e-01 -1.0819e+00 +1.1492e+00
628 0 +7.193791936e+01 +7.033791936e+01 +7.033791936e+01 +2.9985e+00 +6.4160e-01 +9.2551e-01 -3.4979e+00 +1.2020e+00 -1.9491e-01 +2.0286e-01 -5.1866e-01 -1.1630e-01 -1.1205e+00 -3.6505e+00 -6.5597e-02 -1.3623e+00 -2.1656e+00 -3.2486e+00 -1.1401e+00 -1.1767e+00 -1.0113e+00 +2.9620e-02 -2.4819e+00
1300 0 +6.765904599e+01 +6.605904599e+01 +6.605904599e+01 +1.7839e+00 -1.7968e+00 -4.1003e+00 +9.7183e-01 -2.1553e+00 +1.9325e+00 +2.4427e+00 +8.2213e-01 +3.0329e+00 -1.7066e+00 -4.1186e-01 -7.3425e-01 +8.5180e-01 -7.3662e-01 -1.4862e-01 +8.8338e-01 +1.8806e+00 +1.9662e+00 +1.4967e+00 -2.4662e+00
1475 0 +6.646546803e+01 +6.486546803e+01 +6.486546803e+01 +1.0237e+00 -1.1214e+00 -8.2501e-01 -2.4650e+00 +1.2275e+00 +1.3928e+00 +1.2409e+00 +2.3165e+00 +4.6032e+00 -2.6898e+00 +4.5015e-01 +9.4262e-01 +3.0177e+00 -1.6908e+00 +9.4423e-01 -7.3220e-01 +2.2956e+00 +2.8387e+00 +2.0628e-03 -9.1591e-01
1722 0 +6.366337279e+01 +6.206337279e+01 +6.206337279e+01 +3.5980e+00 -2.4548e+00 -1.6034e+00 -1.8208e+00 +7.6005e-01 +1.0589e+00 -2.9523e-01 +1.3002e+00 +1.4015e+00 +1.0517e+00 -2.3666e+00 +2.7154e+00 -2.2047e+00 +2.1534e+00 -8.6659e-01 +1.7545e-01 -2.3233e+00 +1.6898e+00 +6.8603e-01 -2.0652e+00
% f evaluations | g evaluations | best noise-free fitness - Fopt (-3.708400000000e+02) + sum g_i+ | measured fitness | best measured fitness or single-digit g-values | x1 | x2...
1 0 +7.939653509e+01 -2.914434649e+02 -2.914434649e+02 -1.4160e+00 -1.7418e-01 -1.1784e-01 +6.0670e-01 +4.9269e-01 +8.1516e-01 -3.9140e-01 -4.9747e-01 -1.4657e-01 -1.5365e+00 +3.5019e-01 -6.2664e-01 -7.6489e-01 +1.3134e+00 -1.8919e+00 +1.6164e+00 +3.2670e-01 -6.9826e-01 +4.7734e-01 +1.1406e+00
2 0 +7.655816451e+01 -2.942818355e+02 -2.942818355e+02 +1.0456e+00 -5.7270e-01 -2.0260e-01 -5.7168e-01 +6.3738e-01 -5.5486e-01 -2.5411e-01 +6.1955e-01 +4.5717e-01 +4.8603e-02 +6.5044e-01 +1.1913e+00 +6.6935e-01 -3.3548e-01 -2.6687e-01 +1.7467e-01 +1.1127e+00 +5.7237e-01 +3.2706e-03 +1.6474e+00
4 0 +7.510987565e+01 -2.957301243e+02 -2.957301243e+02 -1.1305e+00 -7.2440e-01 +2.4071e+00 -1.8914e+00 +8.7174e-01 +8.1769e-02 -1.5477e-01 +1.7472e+00 +9.5844e-01 -1.9323e-02 -4.5608e-01 +1.4078e-01 +7.4946e-01 +1.8699e-01 +3.0175e-01 -6.0926e-01 +1.0841e+00 -1.0171e+00 +6.6102e-01 +1.6900e+00
30 0 +6.712538041e+01 -3.037146196e+02 -3.037146196e+02 -2.6744e+00 -1.8538e+00 -2.4279e+00 +7.5785e-01 -4.1595e+00 +1.1816e+00 +2.5518e+00 -3.6248e+00 -2.7656e-01 -6.4175e-02 -5.3890e-01 +2.7499e+00 -1.1242e+00 +2.7411e-01 -3.1443e+00 +4.5187e+00 +3.2830e+00 +1.7428e+00 +7.3841e-01 -2.0887e+00
348 0 +5.924783859e+01 -3.115921614e+02 -3.115921614e+02 +1.4270e+00 +1.6477e+00 +1.5356e+00 -9.9970e-01 -4.2229e-01 +1.7213e+00 +1.0724e+00 +3.4745e-01 -2.6701e+00 -5.5035e-01 +2.7477e+00 -1.4359e+00 +2.5048e-01 +1.8443e+00 +2.4977e+00 +7.2550e-01 +4.8939e-01 -3.8917e+00 -2.8117e-01 -4.0849e-01
% f evaluations | g evaluations | best noise-free fitness - Fopt (-3.256000000000e+01) + sum g_i+ | measured fitness | best measured fitness or single-digit g-values | x1 | x2...
1 0 +7.540597385e+01 +4.284597385e+01 +4.284597385e+01 +1.0669e-01 -9.7390e-01 -4.3081e-01 +1.9024e+00 +5.6526e-01 +1.0105e+00 +5.6219e-01 +1.0056e+00 +1.1948e+00 -1.7546e+00 -7.6202e-01 +6.4137e-01 +7.8978e-01 +2.3106e-01 -1.0326e+00 +2.2939e+00 +5.9390e-01 -3.6759e-01 +7.0106e-01 +6.1971e-01
41 0 +7.425508660e+01 +4.169508660e+01 +4.169508660e+01 +6.2708e-01 -1.7682e+00 +6.6807e-01 +1.6119e+00 -1.1136e+00 +2.1089e+00 -1.3471e+00 -8.3403e-01 +6.9311e-01 +2.6770e-01 +1.8161e+00 +1.2844e+00 +2.1886e+00 +1.9182e+00 +1.4077e+00 -2.5501e+00 +1.9643e+00 -1.9079e-01 +3.6094e+00 -1.6616e+00
42 0 +6.937280217e+01 +3.681280217e+01 +3.681280217e+01 -8.0242e-01 -9.6771e-01 -1.4542e+00 +3.0031e+00 +1.4961e-01 +2.4016e+00 -8.8717e-01 -1.8456e+00 -1.7768e+00 +2.8763e-01 +2.0356e+00 +8.5277e-01 +9.4662e-01 +1.2306e+00 -7.1957e-01 -2.1826e+00 +2.4233e+00 -7.7256e-01 +3.6997e+00 -2.7855e+00
% f evaluations | g evaluations | best noise-free fitness - Fopt (5.154000000000e+02) + sum g_i+ | measured fitness | best measured fitness or single-digit g-values | x1 | x2...
1 0 +7.906779690e+01 +5.944677969e+02 +5.944677969e+02 -4.0066e-01 -1.5405e+00 +1.9165e+00 +2.4720e-01 -2.9900e-01 +8.9504e-01 -5.7686e-01 +1.8751e-01 -5.5206e-01 +7.4637e-02 -8.1703e-01 +1.2897e-01 +1.2401e+00 -7.6163e-01 +8.7873e-01 +1.2429e+00 +7.8100e-02 +6.4818e-01 -1.4408e+00 -1.1099e+00
5 0 +7.529565016e+01 +5.906956502e+02 +5.906956502e+02 +2.5359e-01 +1.6018e+00 -2.1546e-02 +1.3247e+00 +8.2202e-01 +1.7015e+00 +1.7970e-01 +1.5818e+00 -2.4577e+00 -6.9871e-01 +1.4241e+00 +9.7068e-01 -1.3629e-01 +1.2237e+00 +1.1796e+00 -9.0847e-01 +9.9260e-01 -1.5634e+00 +1.6010e+00 +1.7214e-01
8 0 +7.263493900e+01 +5.880349390e+02 +5.880349390e+02 -2.4809e-01 +5.2217e-01 +2.2289e+00 -6.9226e-01 -1.9802e+00 -2.4711e-01 -1.7367e+00 -2.2925e+00 -6.0471e-01 -1.8379e-01 +6.0668e-02 -1.0083e+00 +1.0481e+00 -9.8046e-01 +8.3181e-01 -3.5637e-01 -4.8141e-01 +8.9797e-02 +1.7871e+00 -7.1829e-01
21 0 +6.990434010e+01 +5.853043401e+02 +5.853043401e+02 -3.7698e+00 +3.0241e+00 -2.2108e+00 +8.2281e-01 +8.8699e-01 -3.1472e-01 -5.3018e-01 +2.1245e-01 -4.3379e+00 +6.6702e-01 -1.4173e+00 -2.0367e+00 +1.1035e+00 +1.2434e+00 -1.5053e+00 -2.1618e+00 +1.9011e+00 -4.0801e-01 +2.3103e+00 +1.2519e+00
195 0 +6.550783830e+01 +5.809078383e+02 +5.809078383e+02 +2.8362e-01 +1.7220e+00 +2.6734e+00 -4.0953e-01 +3.2110e+00 -4.6879e+00 -2.5206e+00 +4.4341e+00 -1.7218e+00 +1.7154e+00 -2.1596e+00 +1.1848e+00 -4.6330e+00 +7.8448e-01 +4.6805e+00 +4.0663e-01 +2.5504e+00 +1.4702e+00 +4.5831e+00 -2.2211e+00
1707 0 +5.746972220e+01 +5.728697222e+02 +5.728697222e+02 -7.2852e-01 +1.2991e+00 +4.1774e-01 +2.8577e-01 -1.2254e+00 +1.0292e+00 -1.6198e+00 -8.1688e-01 -1.9845e+00 -2.9478e+00 +6.0877e-01 +1.4398e+00 -4.0489e+00 +4.3002e+00 +5.2097e-01 -1.0881e-01 +3.4227e+00 -1.5514e+00 -2.3535e+00 -8.6290e-01
% f evaluations | g evaluations | best noise-free fitness - Fopt (-8.628000000000e+01) + sum g_i+ | measured fitness | best measured fitness or single-digit g-values | x1 | x2...
1 0 +8.300042190e+01 -3.279578099e+00 -3.279578099e+00 -2.6559e-01 +1.4118e-01 +2.1816e+00 +1.2783e+00 +1.4629e+00 +8.6173e-01 +2.2706e-01 -1.7766e+00 -1.0704e+00 -1.6449e+00 -2.0680e+00 +1.1415e+00 -2.6373e-01 -6.2521e-04 -4.0326e-01 +1.1102e+00 +8.0888e-01 +6.0922e-01 +2.9924e-01 -9.5722e-01
2 0 +7.813430472e+01 -8.145695283e+00 -8.145695283e+00 +4.8193e-01 -1.1750e+00 -2.0621e+00 +4.4515e-02 -7.7358e-01 +6.5795e-01 -1.5699e-01 +8.3934e-01 -4.5049e-01 +6.8860e-01 -6.1223e-02 -1.8406e+00 +7.7563e-01 -5.5186e-01 -2.6231e-01 -8.6954e-01 +9.7585e-01 +3.5428e-02 +3.9772e-01 +1.0373e-01
4 0 +7.643094205e+01 -9.849057948e+00 -9.849057948e+00 -9.6639e-01 +1.0868e+00 -1.6351e+00 -7.7028e-01 +6.6143e-01 -5.2127e-01 +8.1427e-01 -1.6151e-01 -1.8315e+00 +1.3212e+00 -6.1219e-01 -1.1197e+00 +9.9053e-01 +4.9551e-01 +8.7784e-01 +8.2986e-01 -6.0034e-01 +9.1269e-01 -4.6390e-01 -8.4558e-01
47 0 +7.435372730e+01 -1.192627270e+01 -1.192627270e+01 -1.9090e+00 -3.1916e+00 +8.7411e-01 -1.4074e+00 +3.8234e-01 +1.3065e+00 +4.7753e+00 +2.2862e+00 +1.6551e+00 +1.8618e+00 -1.4392e+00 +1.3358e+00 -1.8107e-01 -2.2891e+00 -9.3483e-01 +7.8857e-01 -5.2447e-01 +6.4719e-02 -1.4690e+00 +2.2734e+00
106 0 +6.882338039e+01 -1.745661961e+01 -1.745661961e+01 +4.0674e+00 +8.5989e-01 -2.9726e+00 -4.6333e+00 -2.9964e+00 -2.1913e+00 +2.2574e+00 -9.1276e-01 -4.1203e-01 +6.4317e-01 -2.3547e-02 +7.6935e-01 +8.7410e-01 -1.9193e+00 -2.1333e+00 +4.3996e+00 +4.6177e-01 +1.6533e+00 +1.0336e-01 +3.0767e+00
701 0 +6.563772498e+01 -2.064227502e+01 -2.064227502e+01 +9.4174e-01 -8.0941e-01 -8.5363e-01 +2.3722e-01 -4.0565e+00 -1.1772e-01 +3.2327e+00 +7.9388e-01 +4.0728e-02 +7.3130e-01 +2.9789e+00 +2.1810e-01 -2.5512e+00 -3.4882e+00 -4.9507e-01 -5.9875e-01 -4.7554e-01 +1.4923e+00 -9.6640e-02 +9.8092e-01
768 0 +5.910376584e+01 -2.717623416e+01 -2.717623416e+01 -1.2819e+00 +2.9449e+00 +4.4037e+00 +8.1070e-01 +1.4283e+00 -2.9112e+00 -2.2884e+00 -1.8605e+00 -2.3276e-01 +2.7769e+00 +2.3849e+00 -2.7840e+00 +3.4994e+00 -3.1731e-01 +1.1972e+00 -1.5728e+00 -2.5733e-01 -8.1284e-01 -2.1879e+00 +1.3233e+00
% f evaluations | g evaluations | best noise-free fitness - Fopt (2.224000000000e+01) + sum g_i+ | measured fitness | best measured fitness or single-digit g-values | x1 | x2...
1 0 +7.907114977e+01 +1.013111498e+02 +1.013111498e+02 -6.2122e-01 -4.4167e-01 -3.3409e-01 +5.6681e-01 -1.5858e-01 +5.1281e-01 -4.7037e-01 -6.7902e-01 -3.1713e-01 -7.2589e-01 -1.2270e+00 -1.7521e+00 +2.2768e+00 -1.0463e-01 +8.5447e-01 -1.7518e+00 +1.3270e+00 -1.8700e+00 +7.1755e-02 -1.6158e+00
2 0 +6.812041715e+01 +9.036041715e+01 +9.036041715e+01 +1.8180e+00 +4.7039e-01 -3.2275e-02 -3.1507e-01 -1.4884e+00 -4.3726e-01 -1.3217e-01 +3.2173e-01 -1.8391e+00 -6.3511e-01 +2.2484e-01 +1.5988e-01 -2.0119e-01 +6.1856e-01 -2.0313e-02 +1.2714e+00 -1.0298e+00 +1.6368e+00 +6.7705e-01 +9.8851e-01
1027 0 +6.375386650e+01 +8.599386650e+01 +8.599386650e+01 -4.6831e-01 -1.1651e-01 -1.6080e+00 +1.1980e+00 +3.1597e-01 +2.2607e+00 -2.9796e+00 -1.3544e+00 +1.1309e+00 -2.6088e+00 +1.5468e+00 +1.4929e+00 -1.2139e+00 -3.7316e+00 +1.8324e+00 +1.0030e-01 -2.0015e+00 +8.4358e-01 +1.1132e+00 +1.4594e+00
% f evaluations | g evaluations | best noise-free fitness - Fopt (-2.301000000000e+01) + sum g_i+ | measured fitness | best measured fitness or single-digit g-values | x1 | x2...
1 0 +8.248788618e+01 +5.947788618e+01 +5.947788618e+01 +1.4088e+00 -9.0831e-01 +3.8808e-01 -2.6846e+00 +9.8098e-02 +2.4585e-01 +5.5355e-01 +1.6214e-01 +7.4748e-01 -7.2625e-01 -1.3875e+00 +2.2853e+00 -2.2357e+00 +1.2782e+00 -8.3123e-01 -2.5657e-01 -9.0521e-02 -1.6250e+00 +1.2753e+00 -1.4027e-01
2 0 +8.224996413e+01 +5.923996413e+01 +5.923996413e+01 -1.8531e+00 -1.2187e+00 -4.9222e-01 +4.7514e-01 +1.9305e+00 -5.4947e-01 +3.4319e-01 -3.2959e-01 +9.8277e-01 +9.8413e-01 +1.3812e+00 +3.5812e-01 +2.8397e-01 +1.7895e+00 -3.0738e-01 +3.3050e-02 +6.7059e-01 +3.6410e-01 -1.0235e+00 -1.4399e-01
3 0 +8.126408368e+01 +5.825408368e+01 +5.825408368e+01 +8.2539e-01 -2.7388e-01 +2.6019e+00 -1.7071e+00 +5.3306e-01 +4.8629e-01 -7.9661e-01 -2.0230e+00 +1.4368e+00 +3.2762e-01 -1.6686e-01 -7.6699e-01 +1.6053e-01 -1.4563e+00 +5.4585e-01 -1.3317e+00 -6.9192e-01 +8.2837e-01 +3.6130e-01 +8.3890e-01
25 0 +7.892979433e+01 +5.591979433e+01 +5.591979433e+01 +1.2167e+00 +2.1958e+00 -3.6226e+00 +1.3402e+00 -2.5470e-01 -1.3478e-01 +3.5148e+00 -1.9792e+00 -4.7955e+00 -1.7921e+00 +6.8400e-01 +1.1886e+00 +3.9953e+00 +2.7410e-01 +1.9954e+00 +3.7513e+00 -8.6249e-01 +4.5411e+00 +3.8639e+00 -1.4558e+00
78 0 +7.737947987e+01 +5.436947987e+01 +5.436947987e+01 +1.0786e+00 -1.0234e+00 +3.7363e+00 -2.2337e-01 +4.5132e-01 -4.7097e-01 +2.6774e-01 +3.6118e-01 -2.5080e+00 -1.4677e+00 -9.7229e-01 +2.0805e+00 +8.8201e-02 -1.0978e+00 -1.2062e+00 -4.8303e-01 +1.5194e+00 -1.5182e+00 -1.5295e+00 +3.3516e+00
136 0 +7.237405237e+01 +4.936405237e+01 +4.936405237e+01 +1.0071e+00 +6.2369e-01 -4.8689e+00 -2.3969e+00 -3.2385e+00 -1.7425e+00 -1.6984e+00 -9.3946e-01 -9.7123e-02 -1.8691e+00 +1.8693e+00 +1.6602e+00 +2.8035e+00 +2.5760e+00 +1.5906e+00 +3.2992e+00 +1.3228e-01 +3.2342e+00 +2.9656e+00 -2.8214e+00
1574 0 +6.675203503e+01 +4.374203503e+01 +4.374203503e+01 +2.7852e+00 -1.8946e+00 -1.6847e+00 +1.3396e-01 +3.4232e+00 -1.6785e-01 +9.7149e-01 +1.2643e+00 -1.8705e+00 +2.2049e+00 +4.8533e-01 -2.6658e-01 +4.7340e+00 +1.1831e+00 -1.2422e+00 +2.1434e-01 -1.9169e-01 +3.3537e+00 +1.4120e+00 -1.1760e+00
% f evaluations | g evaluations | best noise-free fitness - Fopt (-3.323700000000e+02) + sum g_i+ | measured fitness | best measured fitness or single-digit g-values | x1 | x2...
1 0 +7.638104857e+01 -2.559889514e+02 -2.559889514e+02 -4.0564e-01 +3.2679e-01 -2.9697e-01 +3.8729e-01 -1.0167e+00 +7.7578e-01 -4.4188e-01 +7.0592e-01 +1.8191e-01 -4.7983e-01 -4.0252e-02 -8.0413e-02 -2.0004e+00 +6.0897e-01 -1.5473e+00 +4.1978e-01 +7.8212e-01 -4.9473e-01 +2.6555e-01 -1.0426e+00
8 0 +7.579237764e+01 -2.565776224e+02 -2.565776224e+02 -1.2811e+00 +7.9590e-01 -4.0803e-01 +1.0117e+00 +7.5243e-01 +3.6564e-01 -6.2533e-01 -1.0302e-01 -2.0232e-01 +4.4244e-01 +1.0131e+00 +2.5140e-01 -3.7253e-01 -1.1506e+00 +6.3327e-01 +7.6735e-01 +1.8811e+00 +2.9201e-01 +6.7491e-01 -1.4203e+00
15 0 +7.382047061e+01 -2.585495294e+02 -2.585495294e+02 -4.0427e-01 +1.9853e+00 -2.2723e+00 +5.7248e-01 -1.1920e+00 +4.2313e-01 -3.1927e+00 +4.6328e+00 -3.5957e-01 +3.7811e+00 -1.1721e+00 -2.3910e+00 +5.3198e-01 +6.6364e-01 -1.4963e+00 -1.1344e-01 +3.9083e-01 -1.3292e+00 +1.2195e+00 -2.1928e+00
120 0 +7.219661978e+01 -2.601733802e+02 -2.601733802e+02 -2.7709e-01 -1.2425e+00 +7.0614e-01 +2.3576e+00 -2.4799e+00 +1.9681e+00 +1.0970e+00 -8.4438e-01 -1.1521e+00 +1.2187e+00 -7.2447e-01 -4.2873e-01 -1.0651e+00 +1.9221e+00 -9.4138e-01 +3.0811e-02 +2.0770e-01 -5.1453e-01 -2.0946e+00 -2.3601e+00
828 0 +6.972653180e+01 -2.626434682e+02 -2.626434682e+02 +2.0580e+00 +2.5475e-01 +5.7629e-01 +4.5700e+00 -1.9254e+00 -1.9315e+00 +1.7304e+00 -3.0710e+00 +1.0819e+00 +7.1696e-01 +3.0557e-01 -2.7807e+00 +1.0135e+00 +1.3664e+00 -2.1537e+00 -2.0677e+00 -3.2622e+00 -3.2338e-02 +8.7060e-01 -1.0897e+00
833 0 +6.829597800e+01 -2.640740220e+02 -2.640740220e+02 +2.6868e+00 -4.0748e-01 -3.7886e-02 +4.4634e+00 -5.3254e-01 -2.1180e+00 +2.0073e+00 -1.8335e+00 -6.8856e-01 +1.4238e+00 -3.6074e-01 -3.1452e+00 -7.9814e-01 +2.3690e+00 -3.3938e+00 +7.4883e-02 -2.0379e+00 -1.5191e+00 +2.1570e+00 -2.1268e+00
985 0 +6.541808360e+01 -2.669519164e+02 -2.669519164e+02 +8.3648e-01 +9.4915e-01 +2.5304e+00 +2.2937e+00 -2.6710e+00 -2.0221e+00 +2.5547e+00 -1.5024e+00 -6.1942e-01 +2.2112e+00 +2.6672e+00 -4.0530e+00 -5.3078e-01 -1.1643e-01 +6.7121e-01 +8.8487e-01 -1.1231e+00 +3.0453e+00 +9.7390e-01 +1.6298e+00
1025 0 +6.060249301e+01 -2.717675070e+02 -2.717675070e+02 +1.7960e+00 -1.1922e+00 -1.0956e+00 +1.5264e+00 +5.3580e-01 -3.0828e+00 -8.9845e-01 +2.0513e+00 +2.3522e+00 -2.9088e-01 +1.1504e-01 +1.3946e-01 +1.7370e+00 -3.9357e-01 -1.1680e-01 -2.5406e+00 -5.4273e-01 +1.3742e-03 -3.3905e-01 +3.5172e+00
% f evaluations | g evaluations | best noise-free fitness - Fopt (-1.231300000000e+02) + sum g_i+ | measured fitness | best measured fitness or single-digit g-values | x1 | x2...
1 0 +7.800920594e+01 -4.512079406e+01 -4.512079406e+01 -2.1248e-01 -1.0487e+00 +1.1018e-01 +6.0577e-01 +1.5995e-01 +1.1681e+00 +1.8021e-01 +8.8981e-02 -5.7751e-01 -2.3315e+00 -2.7926e-01 -1.5892e-01 +9.2009e-01 -3.7958e-01 +2.2923e-02 +8.5489e-01 +1.6573e-01 -5.4603e-01 -2.4905e-01 +2.1492e-01
5 0 +7.636785285e+01 -4.676214715e+01 -4.676214715e+01 +5.4625e-01 +4.5849e-01 +1.7500e+00 +1.3713e+00 +8.9326e-01 -1.1300e+00 -5.0598e-01 -1.0523e-01 +4.9962e-01 +1.1923e+00 -2.9902e-01 -4.0694e-01 -1.2187e+00 -3.5217e-01 -1.7239e-01 +9.3915e-01 +1.6761e+00 -7.3608e-01 -1.2438e+00 -1.3497e+00
35 0 +7.529488172e+01 -4.783511828e+01 -4.783511828e+01 +1.8769e+00 +2.5908e-01 +1.3785e+00 -4.9732e-01 +6.8815e-01 +3.0653e-01 -1.0388e+00 -1.9073e+00 -8.3123e-01 +1.4505e+00 +3.9209e+00 -3.3303e-01 +6.5025e-01 -1.0909e+00 -3.0375e+00 -2.5402e-01 +9.7755e-01 -1.7630e+00 -1.0593e+00 -2.5289e+00
69 0 +7.401048843e+01 -4.911951157e+01 -4.911951157e+01 +2.0610e+00 +1.8326e+00 +1.3510e+00 -1.4194e+00 +1.9831e+00 -1.0786e+00 +1.0355e+00 -4.0409e+00 +7.4005e-01 -2.9199e+00 +5.9405e-01 -1.4549e+00 -1.1782e-01 +7.0027e-01 +2.6763e+00 +4.9631e-01 +4.1463e-01 +2.5488e+00 -5.0264e-01 +1.9123e+00
166 0 +7.145799647e+01 -5.167200353e+01 -5.167200353e+01 -4.1729e+00 +1.4279e-01 -9.8735e-01 +5.9583e-01 +2.7819e-01 -3.5270e+00 -1.9256e+00 +4.7980e+00 -2.7206e+00 -2.0769e+00 -4.4369e+00 -7.2272e-01 +1.4734e+00 -1.3002e+00 -3.0346e+00 +4.2883e-01 -1.6231e+00 -9.3504e-02 -1.6057e+00 -1.2935e+00
659 0 +6.984403333e+01 -5.328596667e+01 -5.328596667e+01 +7.6247e-01 +7.1225e-01 -7.3602e-01 +1.7958e+00 +1.8002e+00 -1.3974e+00 -2.8010e+00 -1.1324e+00 +2.1807e+00 +1.6091e+00 -2.2383e+00 -5.8237e-01 +3.1674e+00 +3.6055e+00 -3.6207e-01 +1.2361e+00 -1.7559e+00 -5.9787e-01 -4.5390e-01 -1.6237e-01
1022 0 +6.724984015e+01 -5.588015985e+01 -5.588015985e+01 +2.9179e+00 +2.9227e+00 -5.2238e-01 -5.4688e-01 -6.7914e-01 +7.2733e-01 +2.6936e+00 -1.8313e-01 +3.1531e-01 -4.0173e+00 -2.0434e+00 +7.0566e-01 -3.0104e+00 +2.5534e+00 +4.2271e+00 +2.1733e+00 +3.0397e+00 -1.0779e+00 +1.3787e-02 -3.2681e+00
1208 0 +6.335065753e+01 -5.977934247e+01 -5.977934247e+01 -9.6164e-03 -1.8494e-01 -2.4435e+00 +2.7932e-01 +1.0551e+00 +1.0823e-01 +1.0139e+00 -3.7355e+00 -2.2552e+00 -1.1884e+00 +2.3277e-01 -3.2356e-01 -4.0046e-01 +4.1659e+00 +1.9809e+00 -6.4203e-01 +1.9881e+00 +1.4968e+00 -2.9682e+00 -3.8742e-01
1265 0 +6.067456969e+01 -6.245543031e+01 -6.245543031e+01 +1.6660e+00 -6.1347e-01 -6.6684e-02 +2.9695e+00 +4.7347e+00 -1.9050e+00 +1.4884e+00 -2.3497e+00 +1.8172e+00 -4.0299e+00 -1.7531e+00 +3.8899e+00 +8.6366e-01 +8.2585e-01 +2.2070e+00 -9.0615e-01 +1.6671e+00 +3.1766e+00 -2.0743e+00 +9.3413e-01
% f evaluations | g evaluations | best noise-free fitness - Fopt (-1.537900000000e+02) + sum g_i+ | measured fitness | best measured fitness or single-digit g-values | x1 | x2...
1 0 +8.047100591e+01 -7.331899409e+01 -7.331899409e+01 -5.4956e-01 -8.7181e-01 -1.4925e+00 -1.4747e-01 -2.0178e+00 -1.2662e+00 +1.1211e+00 -2.4657e-01 +5.9067e-01 -1.0645e+00 +8.1347e-01 +1.1208e+00 +5.3259e-01 -4.5785e-02 -2.0642e-01 +8.9379e-01 +1.6496e+00 -3.1709e-01 +2.7869e-01 +1.2644e-01
3 0 +7.903401206e+01 -7.475598794e+01 -7.475598794e+01 -1.9443e+00 +1.1156e+00 +3.5383e-01 -6.6653e-01 -9.9539e-01 -9.0518e-01 +1.7124e-01 -4.3841e-01 -9.2575e-02 +7.4961e-02 -1.0240e+00 +1.7788e+00 -2.0650e-01 +3.8181e-01 +7.9673e-01 -6.9066e-01 -1.1500e+00 +1.3701e+00 +8.5452e-01 -1.0282e+00
9 0 +7.672603696e+01 -7.706396304e+01 -7.706396304e+01 -1.3354e+00 -1.4368e+00 +1.6736e+00 -9.3647e-01 +6.9281e-01 +9.1926e-01 +1.3375e-01 -1.7342e+00 -4.2628e-01 -1.4671e+00 +3.0036e-01 +8.5752e-01 +2.2216e+00 -5.6042e-02 -3.7702e-01 +9.0782e-01 -1.4407e-01 +3.7232e-01 +6.0153e-01 -3.6079e-01
41 0 +7.507510730e+01 -7.871489270e+01 -7.871489270e+01 -1.0864e+00 +7.0040e-01 -3.7353e+00 -1.9971e+00 +1.7981e+00 -2.9730e+00 +1.3220e-01 -9.8176e-02 -8.3025e-02 -4.3671e-01 -7.4489e-01 -1.8121e+00 +2.5969e+00 +2.9042e+00 -2.6641e+00 -3.9361e-01 +2.1576e-02 -8.2571e-01 +2.1960e+00 +3.3366e+00
44 0 +7.237399110e+01 -8.141600890e+01 -8.141600890e+01 +4.5232e-01 -2.1936e-01 -3.4260e+00 -2.1861e-01 +1.0233e-01 -7.4201e-01 -6.0160e-01 +1.9775e+00 +4.3408e-01 +4.5726e-01 +1.3206e+00 -2.8292e+00 +3.4614e+00 +3.6443e+00 -3.5689e+00 +2.2815e-01 +8.8270e-01 +8.6176e-01 +3.0024e+00 +2.5142e+00
78 0 +7.049502401e+01 -8.329497599e+01 -8.329497599e+01 -3.0116e+00 +1.9036e+00 -1.2153e+00 -2.7951e+00 -1.8672e+00 -3.8018e-01 -1.2877e+00 +1.6399e+00 -3.2505e+00 +4.0895e+00 -4.9488e-01 -7.6187e-01 +8.0016e-01 +1.8266e+00 -5.6750e-01 +6.2445e-01 -2.9123e+00 +1.7922e+00 +1.2283e+00 +1.0571e+00
591 0 +6.895477594e+01 -8.483522406e+01 -8.483522406e+01 +3.0007e+00 +5.0301e-01 -2.3979e+00 -5.5650e-02 +3.1657e+00 -2.0352e+00 -4.0054e-01 +3.7721e+00 -3.6175e-01 -3.5746e-01 -1.1929e+00 -1.0837e+00 +7.9999e-03 -2.4195e+00 +4.1085e-01 +2.4500e+00 +5.0924e-01 -3.1484e+00 -1.1517e+00 -1.0005e+00
% f evaluations | g evaluations | best noise-free fitness - Fopt (-4.860000000000e+01) + sum g_i+ | measured fitness | best measured fitness or single-digit g-values | x1 | x2...
1 0 +7.588298640e+01 +2.728298640e+01 +2.728298640e+01 +4.9472e-02 -1.5582e+00 +4.2531e-01 +2.6150e-02 -3.8652e-01 -7.7810e-01 +3.3604e-01 -1.3358e+00 -1.5256e-01 +8.9405e-01 -6.8690e-01 -1.1110e+00 +4.3695e-01 -1.2573e-01 +5.8246e-01 -1.2758e+00 -1.4116e+00 +9.6010e-01 +4.5686e-01 -4.3261e-01
2 0 +7.434297605e+01 +2.574297605e+01 +2.574297605e+01 -1.2024e-01 +9.5329e-01 +5.6661e-01 +6.3643e-01 -9.3569e-01 -1.0950e+00 +5.9856e-01 +6.8349e-01 -1.7409e+00 +1.7367e+00 -1.3006e+00 -5.2472e-01 +1.0649e+00 -1.1004e-01 -6.5797e-02 +6.2076e-01 +1.7091e-01 -1.7935e+00 -1.4087e-01 -6.7521e-01
4 0 +7.309327673e+01 +2.449327673e+01 +2.449327673e+01 -4.3698e-01 +7.3051e-01 +9.4478e-01 +3.1163e-01 -3.3881e-01 +3.8821e-01 -1.3574e+00 -6.2656e-01 +2.4423e-01 -1.8593e+00 -1.0444e+00 +2.0575e+00 -6.5720e-01 -3.8131e-01 +4.0743e-01 -1.4098e+00 -3.8284e-01 -2.3274e-01 -2.3402e-01 -4.2226e-01
5 0 +7.101159569e+01 +2.241159569e+01 +2.241159569e+01 -7.2558e-01 -2.0356e-01 +2.4226e-01 -2.1347e-01 +6.2624e-01 +1.8979e+00 -9.0620e-01 +5.0827e-02 -1.0403e-01 +5.2417e-01 -1.3169e-01 +5.3497e-01 -1.0119e+00 -8.1905e-01 -1.2283e+00 -8.6633e-01 -2.3648e-01 -7.2079e-01 +1.3958e-04 -1.4587e-02
449 0 +6.548338457e+01 +1.688338457e+01 +1.688338457e+01 +2.8696e+00 -2.3029e+00 -1.9214e+00 +2.2902e-01 -1.3752e+00 +2.9435e+00 +2.8804e-01 +4.7481e+00 +1.4810e+00 -5.1714e-01 +2.8659e+00 -3.2183e-01 +1.7906e+00 +7.8793e-01 -2.7241e+00 -3.9211e+00 -2.0656e+00 -6.8039e-01 -2.4761e+00 -1.5243e+00
1206 0 +6.366996868e+01 +1.506996868e+01 +1.506996868e+01 -1.2320e+00 -5.5594e-01 -7.0916e-01 -2.4747e+00 +3.2085e-01 -1.2437e-01 +1.5852e+00 -1.0138e+00 -1.5044e+00 +1.5683e+00 +7.5796e-01 +2.3460e-01 +8.5037e-01 -1.0293e+00 -3.0799e+00 -1.9123e-02 +3.3586e-01 -4.9101e-01 +4.9646e-01 +3.5933e+00
% f evaluations | g evaluations | best noise-free fitness - Fopt (2.770000000000e+01) + sum g_i+ | measured fitness | best measured fitness or single-digit g-values | x1 | x2...
1 0 +7.734283952e+01 +1.050428395e+02 +1.050428395e+02 -2.0700e-01 +7.4760e-01 -6.6741e-01 -4.0787e-01 -2.0214e+00 +3.9799e-01 +1.1576e+00 +4.0806e-01 +3.6670e-01 -1.7287e+00 +8.3102e-01 +5.1042e-01 +6.5110e-01 -3.0977e-01 +7.5562e-01 -6.0803e-01 -5.0613e-01 -1.5584e+00 +8.9767e-01 -3.8591e-02
2 0 +7.368691286e+01 +1.013869129e+02 +1.013869129e+02 +2.2545e-01 -7.1562e-01 -7.8638e-01 +1.4565e-01 +1.3746e+00 -5.9667e-01 +1.1265e+00 -1.3719e+00 -1.5275e-01 -1.8329e+00 +1.1825e+00 +8.0548e-01 +1.6621e+00 -5.9458e-01 +1.7946e+00 -1.5404e+00 -7.3430e-01 +1.2860e+00 +8.0947e-01 -5.4743e-02
66 0 +7.222820320e+01 +9.992820320e+01 +9.992820320e+01 -1.2436e+00 -1.8220e+00 -1.7713e-01 -1.1665e+00 +1.6540e+00 +1.5570e+00 +1.8873e+00 +3.2329e-01 -3.6722e-01 +1.4531e+00 +3.3670e-01 -4.6830e-01 -1.0355e+00 -7.7527e-01 +4.2251e-01 -1.9602e+00 -2.1205e+00 -4.4661e+00 -3.9744e+00 -2.2826e+00
180 0 +6.976862238e+01 +9.746862238e+01 +9.746862238e+01 -2.8582e+00 -2.2445e+00 -1.3630e+00 -2.5922e+00 -3.2060e+00 +3.4485e+00 +1.9451e+00 -1.2876e-01 -2.7864e+00 -2.2306e-01 -2.1268e+00 -3.1705e+00 +1.7095e+00 -8.8174e-01 +5.0139e-02 -9.1795e-01 -1.7718e+00 +2.9414e+00 -1.9840e-03 +8.3142e-02
553 0 +6.569115236e+01 +9.339115236e+01 +9.339115236e+01 -1.2907e+00 -4.9285e-01 -3.0101e+00 +1.3269e+00 -3.6797e+00 -3.1500e-01 -9.2875e-02 -2.4859e+00 -2.3605e+00 +1.4180e+00 +1.3214e+00 -2.1739e+00 -1.3251e+00 +1.2489e+00 +8.5936e-01 -2.9171e+00 -3.8627e-01 +3.3049e+00 +3.4427e+00 +6.5957e-02
1498 0 +5.042709651e+01 +7.812709651e+01 +7.812709651e+01 -3.0811e+00 +2.1348e+00 +1.4387e+00 +7.3091e-01 -4.1125e+00 +1.2361e+00 +1.2516e+00 -2.8067e-01 -3.0709e+00 -2.2965e-01 -4.0180e-02 +3.5570e+00 +1.7591e+00 +4.2083e-01 +1.1233e+00 -3.0000e+00 +4.2612e-01 -2.4023e+00 +6.6098e-01 +2.0526e-01
% f evaluations | g evaluations | best noise-free fitness - Fopt (2.993000000000e+01) + sum g_i+ | measured fitness | best measured fitness or single-digit g-values | x1 | x2...
1 0 +7.873734625e+01 +1.086673462e+02 +1.086673462e+02 +5.6640e-01 +1.1999e-01 -1.0701e+00 -7.1120e-01 +1.2351e+00 -4.5829e-01 +5.4256e-01 -1.5594e+00 +4.4085e-02 +1.4147e+00 +6.2604e-01 +4.2909e-01 -1.7287e-01 -2.9376e-01 -5.9424e-01 -4.9827e-01 +3.1575e-01 -3.1464e-01 -5.8864e-01 -1.3594e+00
6 0 +7.868010267e+01 +1.086101027e+02 +1.086101027e+02 +5.4755e-01 -7.7058e-01 -1.1637e+00 +1.0211e+00 -1.9554e+00 -7.0000e-02 -4.7145e-01 -2.5737e-01 +6.7805e-02 -1.5017e+00 +5.2472e-01 -2.7393e-01 +5.6231e-01 +2.2114e+00 -2.6305e-01 +1.3501e+00 -3.1556e-02 -8.0266e-01 -4.0465e-01 -9.9066e-01
14 0 +7.619651443e+01 +1.061265144e+02 +1.061265144e+02 +3.5573e+00 -1.2907e+00 -4.6660e+00 +8.9159e-01 -1.5591e+00 +3.0932e+00 -2.5304e+00 +2.6347e+00 -2.4973e+00 +2.2898e+00 -1.1463e-01 -1.9712e-01 -3.0660e+00 +1.8468e+00 +2.2204e+00 +6.0183e-01 -1.0452e+00 +1.4481e-01 +1.2026e-01 +5.4640e-01
17 0 +7.565623142e+01 +1.055862314e+02 +1.055862314e+02 +2.6220e+00 -2.2536e+00 -2.9759e+00 -9.4085e-01 -7.2940e-01 +1.3419e+00 -3.4098e+00 +1.6791e+00 -2.5952e+00 +2.0102e+00 -1.6045e+00 -1.1908e+00 -3.1642e+00 +2.6113e+00 +2.5261e-03 -4.1327e-01 -3.3940e+00 +2.4673e+00 -1.4614e+00 -7.3253e-02
69 0 +7.383325846e+01 +1.037632585e+02 +1.037632585e+02 -8.2152e-01 +4.3525e+00 +1.2604e+00 +1.0273e+00 +2.4766e+00 +3.8837e-01 -2.6665e+00 -3.4985e+00 -1.9726e+00 -3.1585e+00 -4.1595e-01 -2.4166e+00 -2.0319e+00 +2.0721e-01 +1.1596e+00 -1.8333e+00 -8.5605e-01 +3.1713e-01 -8.8843e-01 -2.4291e+00
181 0 +6.951936776e+01 +9.944936776e+01 +9.944936776e+01 +1.2391e+00 -6.6918e-01 -1.5332e+00 +3.2726e-01 -2.6214e+00 -1.3680e-01 +3.3943e+00 +3.4807e+00 +2.7312e-01 -7.5339e-01 +1.5635e+00 +2.2247e+00 -5.0420e-01 -2.2176e+00 -9.9220e-01 -3.1730e-01 +8.9865e-01 +1.6080e+00 +6.8323e-01 -1.9814e+00
738 0 +6.752748991e+01 +9.745748991e+01 +9.745748991e+01 +9.0591e-01 -8.3955e-01 +2.1302e+00 +2.1487e-01 -2.1755e+00 -2.8378e-01 -6.9252e-01 +1.1153e+00 +3.1738e+00 -5.4084e-01 -7.2278e-01 +1.2495e+00 -3.1164e+00 -1.5338e+00 -3.6870e+00 +2.5700e+00 +1.2935e+00 +1.3287e+00 -3.1384e+00 +6.8379e-01
% f evaluations | g evaluations | best noise-free fitness - Fopt (-1.983000000000e+01) + sum g_i+ | measured fitness | best measured fitness or single-digit g-values | x1 | x2...
1 0 +7.878663651e+01 +5.895663651e+01 +5.895663651e+01 -1.0508e+00 -1.7442e+00 +1.3853e+00 +2.4805e-01 -6.6457e-01 +1.1047e+00 -3.1160e-01 +7.2044e-01 -4.3185e-01 +2.1093e+00 +9.7546e-01 -1.6265e+00 +4.6278e-01 -1.9354e-01 +6.3013e-01 -1.8474e-01 +1.5264e+00 -6.6992e-02 +5.1330e-01 +9.6585e-01
2 0 +7.221804696e+01 +5.238804696e+01 +5.238804696e+01 -1.2934e+00 -1.0975e+00 -3.4689e-01 +1.1001e+00 +4.3034e-02 -9.2793e-01 +1.5611e+00 +3.3911e-01 -2.2527e-02 -2.6005e-01 +6.3120e-01 +4.7715e-01 +1.0532e+00 +8.0913e-01 -4.1865e-01 +2.1725e+00 +1.1421e+00 +6.4321e-01 -8.3613e-01 -1.0604e+00
10 0 +6.978949606e+01 +4.995949606e+01 +4.995949606e+01 -1.0525e+00 -1.7176e+00 +6.6667e-01 +1.7451e+00 +1.0187e+00 +4.6734e-01 +8.0780e-01 -2.8163e-01 +3.4784e+00 +3.7124e-01 -1.1162e+00 -2.5681e-01 -6.4350e-02 +2.2177e-01 -8.1130e-01 -2.0367e-01 -1.4336e-01 -4.6993e-01 +4.5143e-02 +1.0484e+00
420 0 +6.787759624e+01 +4.804759624e+01 +4.804759624e+01 -3.9481e+00 +5.1645e-01 -1.3059e+00 +4.0180e-01 +1.8699e+00 +3.0492e-01 +8.1032e-01 +5.4768e-02 +3.3463e+00 -2.0633e+00 -5.5909e-01 +9.9184e-01 +1.6178e+00 +1.8384e-01 -2.6534e+00 +1.0421e-01 -8.1940e-01 -3.4072e+00 -6.3931e-02 -1.2553e+00
427 0 +6.686026634e+01 +4.703026634e+01 +4.703026634e+01 -3.4842e+00 +1.5533e+00 -1.2060e+00 +2.1755e+00 +2.4264e+00 -1.7299e+00 +1.3711e+00 -8.4167e-02 +1.3525e+00 -3.5531e+00 +3.9434e-01 +3.4859e-01 +1.3457e+00 +1.2233e-01 -8.2257e-01 +1.8313e+00 +5.3374e-01 -2.9739e+00 +7.3552e-01 -2.9392e+00
479 0 +6.217108717e+01 +4.234108717e+01 +4.234108717e+01 -2.1860e+00 +2.4440e-01 -9.1006e-01 -1.5600e+00 -5.1179e-01 -1.4742e+00 +3.2576e+00 -1.4877e+00 +1.0760e+00 -2.8798e+00 -4.1538e-01 +3.8788e+00 +4.1425e+00 -2.3358e-01 +1.5439e+00 +2.1309e+00 -1.6457e+00 -3.7827e+00 -1.4110e+00 -1.2569e+00
562 0 +6.039956703e+01 +4.056956703e+01 +4.056956703e+01 -3.4907e-01 -6.8804e-01 -7.5466e-01 +8.3113e-01 +1.8447e+00 +1.3625e+00 +9.0997e-01 -1.2583e+00 +8.9776e-01 -1.9370e+00 -7.6931e-01 +2.0423e+00 +8.4613e-01 -4.9285e-01 +1.2724e-01 -4.9477e-01 +2.8655e-01 -4.2967e-01 -1.5484e+00 +2.0311e+00
