% f evaluations | g evaluations | best noise-free fitness - Fopt (-1.000000000000e+03) + sum g_i+ | measured fitness | best measured fitness or single-digit g-values | x1 | x2...
1 0 +8.378292980e+01 -9.162170702e+02 -9.162170702e+02 +1.1014e+00 -7.3456e-02 -9.5427e-02 -9.9681e-01 +1.2864e+00 +1.4842e+00 +8.1266e-01 -5.5487e-01 +6.7777e-01 -1.6436e+00 +2.2717e+00 +9.4706e-01 -2.2557e-01 +8.4972e-02 -3.0629e-01 +6.9969e-01 +1.2651e+00 -4.1428e-01 -1.0255e+00 +1.3240e+00
3 0 +7.926765068e+01 -9.207323493e+02 -9.207323493e+02 -8.7000e-02 -4.4233e-01 +7.7651e-01 -7.1594e-01 +5.0201e-01 +7.2488e-01 -6.7712e-01 -1.5765e+00 -8.1258e-01 +9.1751e-02 +9.1660e-01 -1.1900e+00 +4.1591e-01 -3.0143e-01 -5.1615e-02 -4.7989e-01 +8.4388e-01 +4.8669e-01 +7.5083e-01 +1.1978e+00
356 0 +7.700486852e+01 -9.229951315e+02 -9.229951315e+02 +8.8957e-02 +4.2926e+00 +1.6205e+00 -9.4162e-01 -7.8312e-01 +1.1534e+00 +2.3248e+00 -2.5728e+00 +3.2850e+00 -3.5913e-01 -4.7517e-01 +3.0797e+00 +6.4676e-01 -2.9882e+00 -6.0240e-01 +2.4553e+00 -2.2268e+00 -7.7319e-02 +1.2965e+00 -2.3311e+00
607 0 +7.259610135e+01 -9.274038987e+02 -9.274038987e+02 -4.1181e+00 +1.1306e-02 -4.5884e-01 -2.3168e+00 +6.3672e-01 -4.0255e+00 -8.9383e-01 -2.4293e+00 +3.8726e+00 +1.0867e+00 -1.0355e+00 -1.7330e+00 -1.8914e-01 -2.8877e+00 +2.1978e+00 -3.4681e+00 +6.2260e-02 +7.8645e-01 -6.0738e-01 -4.2045e+00
% f evaluations | g evaluations | best noise-free fitness - Fopt (1.000000000000e+03) + sum g_i+ | measured fitness | best measured fitness or single-digit g-values | x1 | x2...
1 0 +8.478231724e+01 +1.084782317e+03 +1.084782317e+03 -6.4783e-01 -1.5451e+00 +4.9980e-01 +1.4265e+00 -1.9700e+00 +1.3367e-01 +6.2465e-01 +3.1747e-01 -1.7131e+00 -3.6233e-02 +1.2717e+00 -4.9986e-01 +7.3857e-01 +7.5983e-01 -1.9663e-01 +5.9957e-01 +5.6987e-01 -8.6331e-01 +2.8061e-01 +5.1754e-01
3 0 +8.427798398e+01 +1.084277984e+03 +1.084277984e+03 +7.8196e-01 +1.9120e-01 -7.3887e-01 +3.8724e-01 +1.4966e-01 -1.2964e+00 -1.2738e-01 -4.3200e-01 -5.4883e-01 +4.6640e-01 -2.6359e-01 -2.5762e-01 +2.0030e+00 -3.9349e-01 -2.1758e+00 -7.4648e-01 -1.0084e+00 -2.8074e-01 +4.4626e-01 -1.4317e+00
4 0 +8.165717562e+01 +1.081657176e+03 +1.081657176e+03 -1.6909e-01 +3.2458e-01 -2.3453e+00 +9.6916e-01 +1.9604e-01 +9.2580e-01 -4.2888e-01 -1.3188e+00 +1.3266e+00 +1.0094e+00 -2.0468e+00 -1.8798e+00 +1.3817e+00 +1.1007e-01 +4.6019e-01 +2.5225e+00 +4.4243e-01 +9.3991e-02 -8.3417e-01 +1.0331e+00
58 0 +7.176407921e+01 +1.071764079e+03 +1.071764079e+03 -3.8559e+00 -2.2075e+00 -1.6521e+00 -8.3764e-01 +1.5603e-01 -2.8782e+00 -2.8001e+00 -1.2536e+00 -1.0845e+00 +1.0441e+00 +3.6715e+00 +2.6671e+00 +3.2818e+00 -1.6788e-01 -2.3610e+00 +3.0111e+00 +9.7396e-01 -2.0530e+00 -3.6126e+00 +2.9325e+00
169 0 +6.884311415e+01 +1.068843114e+03 +1.068843114e+03 -4.8617e+00 +2.1520e+00 +1.0639e+00 -9.9569e-01 +2.4741e-01 +1.3807e+00 +5.3287e-01 +1.7662e-01 -2.6866e+00 +1.4131e+00 +7.3274e-01 -4.5599e+00 -1.4163e-01 -2.2166e+00 +4.5609e-01 +8.2485e-01 -3.4147e+00 -3.1899e+00 +3.9467e+00 +4.4217e+00
% f evaluations | g evaluations | best noise-free fitness - Fopt (-4.913000000000e+01) + sum g_i+ | measured fitness | best measured fitness or single-digit g-values | x1 | x2...
1 0 +8.277192764e+01 +3.364192764e+01 +3.364192764e+01 -2.4453e-02 +1.2320e+00 -7.8590e-01 +2.3073e+00 -1.0397e+00 -1.2637e-01 -6.3550e-01 -1.1947e+00 +1.1707e+00 +5.6320e-01 +3.9071e-01 +1.2455e+00 +7.7342e-01 -9.7830e-01 +5.4203e-01 +1.7495e+00 +1.5178e+00 -4.1037e-01 +4.8579e-01 +9.2444e-01
3 0 +8.189368480e+01 +3.276368480e+01 +3.276368480e+01 +1.7113e-01 +9.1211e-01 +8.5557e-01 +6.6683e-01 -7.6980e-01 +1.2654e+00 +7.9268e-01 +2.2411e-02 -5.8210e-01 +2.8296e-02 +2.3185e-02 -1.2303e+00 -1.8737e+00 -1.4485e+00 -1.3162e+00 -3.0935e-02 +1.1263e+00 -8.5066e-03 +5.2214e-02 +7.6543e-02
12 0 +7.858539016e+01 +2.945539016e+01 +2.945539016e+01 +1.2157e+00 -1.1840e-01 -1.6713e+00 -3.6803e-01 +3.4635e-01 -4.0950e-01 +1.3886e+00 +7.8010e-01 +2.4301e-01 +8.6341e-01 -9.5589e-02 -7.2327e-01 -4.4857e-01 -1.6368e+00 +7.0788e-02 +1.1993e-02 +5.1366e-03 -2.5881e-01 -7.1078e-01 -1.0577e+00
22 0 +7.160387752e+01 +2.247387752e+01 +2.247387752e+01 -3.0898e-02 +2.9283e+00 +1.2934e+00 -6.7818e-01 +4.8125e+00 +1.9518e-01 +1.1244e+00 -2.7343e-01 -5.4990e-01 +1.3250e+00 +3.5732e+00 -4.3907e-01 +5.8976e-02 -1.8776e+00 +8.2049e-01 -3.3104e+00 +3.0571e+00 -1.2411e+00 -5.6265e-01 -4.8777e-01
% f evaluations | g evaluations | best noise-free fitness - Fopt (2.977300000000e+02) + sum g_i+ | measured fitness | best measured fitness or single-digit g-values | x1 | x2...
1 0 +8.159813073e+01 +3.793281307e+02 +3.793281307e+02 -6.5641e-01 -2.1857e+00 +1.0898e+00 +6.9361e-03 +4.3434e-01 +1.0908e+00 +8.5148e-01 -3.1138e-01 +9.7392e-01 -1.6558e+00 +1.4536e+00 -7.7151e-02 +1.6178e-01 +4.8162e-01 -8.0743e-01 -1.5218e-01 -3.9073e-01 -2.1913e-03 +4.1724e-01 -4.6298e-01
6 0 +7.673821816e+01 +3.744682182e+02 +3.744682182e+02 -9.2337e-01 +3.5038e+00 +1.1707e-01 +1.5047e-01 +2.8759e+00 +2.7669e-01 +4.3745e-01 +4.8263e-01 +6.0359e-01 +1.8420e+00 -9.5163e-01 -7.3750e-01 +3.2739e-01 -7.0059e-01 -1.6453e-01 +1.4857e+00 +1.3533e-01 +1.1422e+00 -5.1570e-02 -1.2012e+00
10 0 +7.277612635e+01 +3.705061264e+02 +3.705061264e+02 -3.4509e-02 -3.3558e-01 -3.2774e-01 -1.7019e+00 +9.3241e-01 -1.2718e+00 -2.7851e-01 +1.0650e+00 -1.3931e-01 -7.2453e-01 -2.1958e-01 +9.6415e-01 +1.1808e+00 +9.9569e-01 +2.7680e-01 +9.0055e-01 -1.3653e+00 -7.8961e-01 -2.7846e-01 +1.2150e+00
532 0 +6.965021137e+01 +3.673802114e+02 +3.673802114e+02 -3.7206e-01 +1.5093e+00 +2.2471e-01 -1.1156e+00 +3.4000e+00 -2.6253e+00 -1.2181e+00 +1.1087e+00 +1.4917e+00 -3.9470e+00 +2.3511e+00 -8.7883e-01 -4.3341e+00 +1.0722e+00 -1.7180e-01 -1.2482e-01 +1.0433e+00 +5.3843e-01 -1.5779e+00 +2.2383e+00
1286 0 +6.204211858e+01 +3.597721186e+02 +3.597721186e+02 +2.2728e-01 +2.0563e+00 +4.7647e-01 -1.3981e+00 +7.1027e-01 -3.0811e+00 -6.8742e-01 -5.9799e-01 +1.1296e+00 -2.9488e+00 +6.9757e-01 -5.8016e-01 -1.5489e+00 -7.7242e-01 +5.4795e-01 +1.8061e+00 +9.9672e-01 -5.7380e-01 -8.6212e-02 +3.4121e+00
1788 0 +6.164415679e+01 +3.593741568e+02 +3.593741568e+02 +3.9040e+00 -1.9006e+00 +2.0957e+00 +1.2338e+00 +5.5133e-01 +1.2105e+00 -3.3115e-01 +1.2221e+00 +2.1349e+00 +2.6439e+00 -3.7672e+00 -1.0356e+00 +3.6579e+00 -7.0271e-01 +3.7551e+00 -1.9748e+00 -4.9467e+00 +1.2495e+00 -7.3511e-01 -1.4023e+00
% f evaluations | g evaluations | best noise-free fitness - Fopt (5.157000000000e+01) + sum g_i+ | measured fitness | best measured fitness or single-digit g-values | x1 | x2...
1 0 +8.004189070e+01 +1.316118907e+02 +1.316118907e+02 +2.6193e-01 +6.4779e-01 +9.5042e-01 -8.4758e-01 -8.8835e-01 +2.1754e+00 +1.0068e+00 +7.8981e-01 -2.5226e-01 -9.7486e-01 +1.2590e-02 -1.3264e+00 +2.9800e-01 -4.8724e-01 -3.0578e-01 -1.5957e+00 -1.9675e+00 -7.0498e-01 +1.8318e-01 -1.8833e-01
5 0 +7.864206110e+01 +1.302120611e+02 +1.302120611e+02 -1.9313e-01 +5.9633e-01 +1.1604e-01 +4.9307e-01 +1.5629e-01 +3.6740e-01 +1.2534e+00 -1.0958e+00 -2.4123e-01 +2.5006e-01 -1.9248e-01 +5.4668e-01 -1.5571e+00 -3.4692e-01 +9.6276e-01 -7.6119e-01 -2.8368e-01 +5.9330e-01 +6.2458e-01 +2.1273e-01
153 0 +7.445516604e+01 +1.260251660e+02 +1.260251660e+02 +1.9899e+00 -3.5266e-01 -1.2757e+00 +7.4073e-01 +2.5402e+00 +8.2183e-02 +2.2531e+00 +2.9378e+00 +1.4469e+00 -3.9009e+00 +2.5803e+00 -3.5848e+00 -6.3367e-01 -2.9288e-01 -8.2820e-02 +6.5193e-01 +1.0713e+00 +1.4553e+00 +2.9406e-01 -1.0663e+00
889 0 +7.377057357e+01 +1.253405736e+02 +1.253405736e+02 +2.8017e+00 +2.2836e-01 -1.8700e-01 +2.3786e+00 +3.6810e-01 +5.1224e-01 -6.9970e-01 -2.3951e+00 +1.2194e-01 +1.1854e+00 +1.3352e+00 -4.3766e+00 +5.9025e-01 -1.9707e+00 +2.2560e+00 -3.1447e-01 +3.2549e+00 +1.7853e+00 +3.2849e+00 -4.3534e+00
% f evaluations | g evaluations | best noise-free fitness - Fopt (1.527100000000e+02) + sum g_i+ | measured fitness | best measured fitness or single-digit g-values | x1 | x2...
1 0 +8.313525733e+01 +2.358452573e+02 +2.358452573e+02 +2.5500e+00 -6.9441e-01 -7.1729e-01 -8.2717e-01 -1.4151e+00 -7.3117e-01 +4.1348e-01 -9.4360e-01 -2.9896e-01 -3.4652e-01 +9.1896e-01 -9.4471e-01 +5.9244e-01 -1.6091e+00 -7.7766e-01 -4.3111e-01 +1.1922e+00 -2.1979e-01 -9.4541e-01 +1.3324e+00
8 0 +8.283834005e+01 +2.355483401e+02 +2.355483401e+02 -5.5812e-01 +1.0939e+00 +1.8479e-01 -8.5122e-01 +1.7712e-01 -7.6533e-01 -1.4797e+00 -7.8656e-01 -6.7984e-01 -3.7274e-01 +1.6807e-01 +1.0871e+00 -1.3765e+00 -3.0053e-01 -2.8714e-01 +2.8761e-03 +1.1294e+00 +5.0391e-01 -7.3497e-01 +1.0726e+00
16 0 +7.622838501e+01 +2.289383850e+02 +2.289383850e+02 -1.7397e+00 +1.1206e+00 +9.8433e-01 +2.1139e+00 +9.7172e-02 -2.1812e-01 -3.2509e+00 -2.8331e+00 -2.1807e+00 +2.1964e+00 +1.2828e-01 -3.6913e+00 +5.9803e-01 +2.6627e+00 -3.1491e+00 +4.6143e+00 +7.3203e-01 -1.2101e+00 -4.1124e+00 -1.3513e+00
176 0 +7.555514795e+01 +2.282651480e+02 +2.282651480e+02 -4.1304e-01 +1.7838e+00 +2.1850e+00 -2.1827e+00 +1.6347e+00 +3.6245e-01 -2.9088e-01 +2.8394e+00 -2.0604e+00 -3.7630e+00 -1.2656e+00 +9.9268e-01 +8.0764e-01 -3.6908e+00 +3.3446e+00 -3.7828e+00 -1.5153e+00 +2.6229e+00 -1.7409e+00 +1.6822e+00
253 0 +7.407590897e+01 +2.267859090e+02 +2.267859090e+02 -2.7354e+00 -2.5790e+00 -6.6491e-01 +2.1025e+00 -2.7226e+00 -8.3293e-01 +3.6207e-01 +3.7014e+00 +4.2636e-02 -3.5164e-01 -1.3254e+00 +3.6627e+00 -2.6244e+00 +2.6225e-01 -9.6005e-01 +2.9422e-03 +1.5016e+00 -1.0117e+00 +7.9489e-01 -2.1122e+00
% f evaluations | g evaluations | best noise-free fitness - Fopt (9.980000000000e+01) + sum g_i+ | measured fitness | best measured fitness or single-digit g-values | x1 | x2...
1 0 +8.145162655e+01 +1.812516266e+02 +1.812516266e+02 +2.8334e-01 -6.4028e-01 -2.8266e-01 -2.0941e+00 +6.3599e-01 +1.1100e+00 -1.2053e+00 +2.2511e-01 -1.4423e+00 +7.4521e-02 +1.1943e+00 +8.9761e-01 +1.4909e+00 +1.6617e+00 -6.6280e-01 -9.8427e-01 -1.5187e+00 -1.5392e+00 -1.0463e+00 -2.1157e-01
2 0 +7.817818153e+01 +1.779781815e+02 +1.779781815e+02 +3.3942e-01 +6.4541e-01 -1.3616e+00 -1.1412e+00 -5.8493e-01 +8.6801e-01 +1.0059e+00 -1.4368e+00 -1.5572e+00 +1.0515e+00 -1.2416e+00 +9.9610e-02 +1.9361e-01 -2.4908e-01 -1.0953e+00 -4.6091e-01 +2.1603e-01 +5.2955e-01 +9.9020e-01 +9.2826e-01
41 0 +7.402508750e+01 +1.738250875e+02 +1.738250875e+02 -3.1046e+00 +2.6197e+00 +3.9234e-01 -3.2265e-02 -9.6381e-01 -5.3335e-03 +4.4366e+00 +6.2231e-01 -4.1352e+00 -1.9530e+00 -3.7807e-01 -2.6737e+00 -3.0282e-01 +2.0745e+00 +1.5338e+00 -1.1051e+00 +6.8788e-01 -4.2790e+00 +8.7221e-01 +1.1485e-01
214 0 +4.567575792e+01 +1.454757579e+02 +1.454757579e+02 -7.6780e-01 -1.6096e+00 +2.4472e+00 -8.3275e-01 -1.5015e+00 -1.8348e+00 +1.5207e+00 -4.8386e-01 +9.0963e-01 +5.4549e-02 -2.4566e-01 -6.3745e-01 -1.3560e+00 -1.9857e+00 -2.2493e+00 +1.4743e+00 -7.0435e-01 +5.9088e-01 +4.0764e+00 +1.2091e+00
% f evaluations | g evaluations | best noise-free fitness - Fopt (-1.194100000000e+02) + sum g_i+ | measured fitness | best measured fitness or single-digit g-values | x1 | x2...
1 0 +7.079127815e+01 -4.861872185e+01 -4.861872185e+01 +4.5058e-01 +6.7302e-02 -9.6234e-01 +2.0409e+00 -7.7107e-01 +1.4920e-01 -9.2447e-01 -2.2833e-01 -7.7948e-01 +1.4957e-01 +6.8193e-01 -3.3924e-01 +1.7823e+00 -1.1533e+00 -3.6927e-01 +1.9198e+00 -6.2698e-05 +4.4035e-01 -8.4958e-02 -8.7333e-01
3 0 +6.809308099e+01 -5.131691901e+01 -5.131691901e+01 -7.1291e-01 +5.8407e-01 -9.3992e-01 -1.5773e-01 -3.8351e-02 +6.0746e-01 -1.8583e-01 +2.3459e+00 -1.0683e-01 +7.5079e-01 +1.1020e+00 +1.8732e+00 -1.3703e+00 +1.7009e-01 +3.2644e-01 -7.9775e-01 -1.0620e+00 -2.8957e+00 +1.1768e+00 -5.1097e-01
% f evaluations | g evaluations | best noise-free fitness - Fopt (1.077000000000e+01) + sum g_i+ | measured fitness | best measured fitness or single-digit g-values | x1 | x2...
1 0 +8.530694564e+01 +9.607694564e+01 +9.607694564e+01 -1.1576e+00 -2.7117e-01 +1.4995e+00 -1.9631e-01 +9.1754e-01 +4.5617e-01 +1.4017e+00 +1.9427e-01 +8.7803e-01 +1.0509e+00 -5.9214e-01 -1.0130e-01 +1.1611e+00 -9.8176e-01 -4.1836e-01 -3.6869e-01 -1.3751e-01 -1.0336e+00 -3.8399e-01 -6.7211e-01
2 0 +8.422848265e+01 +9.499848265e+01 +9.499848265e+01 -1.3843e+00 +1.6288e+00 +1.2781e-01 +1.9492e+00 -1.1813e+00 +1.6726e+00 -1.1927e+00 +3.9356e-01 -2.5811e-01 +5.1405e-01 +4.3585e-01 -5.0910e-01 -4.6575e-01 -1.6918e+00 +4.6071e-01 +2.8844e-01 +3.0166e-02 +8.1430e-02 -4.3490e-01 -1.8038e+00
14 0 +8.264305465e+01 +9.341305465e+01 +9.341305465e+01 +1.0989e+00 -5.8974e-02 +9.9729e-01 -3.8184e+00 +1.8184e+00 -1.6667e+00 +3.0238e+00 +4.1537e-01 -8.5059e-01 -8.9547e-01 -2.6275e+00 -5.9708e-01 -1.8148e+00 -1.8907e+00 +3.1107e-01 +2.2040e+00 +2.9404e+00 +3.5984e+00 -1.0205e+00 +2.3016e+00
15 0 +7.971619540e+01 +9.048619540e+01 +9.048619540e+01 +1.4110e+00 -2.5853e+00 +3.0390e+00 -2.3053e+00 +2.5913e+00 +9.1591e-01 +2.6609e+00 +1.0880e+00 -5.3918e-03 -1.6389e+00 -3.4791e+00 -2.5311e-01 -8.7785e-01 +6.8132e-01 -1.1134e+00 +2.4412e+00 +2.1230e+00 +4.7142e+00 -1.4587e-01 +2.7915e+00
20 0 +7.623127969e+01 +8.700127969e+01 +8.700127969e+01 +5.1137e-01 -2.1513e+00 +9.3611e-01 -2.8221e+00 +2.2954e+00 +7.3376e-01 +3.1820e+00 +1.7754e-01 -1.6763e-01 -4.2380e-01 -3.5231e+00 -1.4952e+00 -3.0266e+00 +1.3069e+00 -1.3205e+00 +1.9467e+00 +2.1213e+00 +4.0538e+00 -3.7199e-01 +1.6149e+00
820 0 +7.421166661e+01 +8.498166661e+01 +8.498166661e+01 -6.2203e-01 +9.2960e-01 -1.0357e+00 -2.5034e+00 +2.8909e+00 +3.0674e+00 -2.1366e+00 +7.7259e-01 -1.5411e+00 -1.5724e+00 +9.3918e-01 -1.0200e+00 +1.6450e+00 +6.1897e-01 +2.0956e+00 -1.3076e+00 -2.6575e+00 +9.9107e-01 +1.2162e+00 +2.7254e+00
% f evaluations | g evaluations | best noise-free fitness - Fopt (2.137000000000e+01) + sum g_i+ | measured fitness | best measured fitness or single-digit g-values | x1 | x2...
1 0 +8.150316033e+01 +1.028731603e+02 +1.028731603e+02 +1.5329e+00 -7.3099e-01 +3.6627e-01 +2.4823e-01 +1.1632e+00 -1.3240e-01 -1.5288e+00 +1.2035e+00 +1.9812e+00 -9.0292e-01 -1.4470e-01 +7.2926e-01 +1.1854e+00 -6.1775e-01 -7.5714e-01 -5.5803e-01 +2.1061e-01 +7.1227e-01 -5.3824e-01 +1.3759e+00
2 0 +7.869706229e+01 +1.000670623e+02 +1.000670623e+02 +1.4963e+00 +4.5276e-01 -8.6869e-01 -1.8467e+00 -2.6858e-01 -1.0017e+00 +6.2590e-01 -2.2036e-01 -1.9999e-01 -3.5569e-01 +2.0952e-01 -7.9449e-01 +8.1212e-01 -1.5362e+00 -2.2482e+00 -6.4565e-01 -6.3298e-01 +7.6517e-01 -1.1947e+00 -3.6609e-01
194 0 +7.396563562e+01 +9.533563562e+01 +9.533563562e+01 -5.7122e-01 -1.1763e+00 +1.5320e+00 +4.4634e-01 -2.0115e+00 +1.8437e+00 +3.6062e+00 -1.1715e+00 -9.1952e-01 +2.6702e+00 +2.9171e+00 +8.7091e-01 +5.1668e-01 +2.4169e+00 -2.7365e+00 -4.3903e-01 +2.4647e-01 -9.0790e-01 +2.1399e+00 -1.9932e+00
547 0 +7.209787108e+01 +9.346787108e+01 +9.346787108e+01 -2.3928e+00 -1.0707e+00 +7.0778e-01 +2.5598e-01 -2.4568e+00 +6.0546e-01 -3.7378e+00 +2.1283e+00 -4.3380e+00 +1.6994e+00 +2.1842e+00 +1.9001e+00 +6.1923e-01 -1.8230e-01 -2.7266e+00 -1.9164e+00 +1.8392e+00 -3.2478e-01 +1.5355e+00 +3.5184e+00
% f evaluations | g evaluations | best noise-free fitness - Fopt (1.673000000000e+01) + sum g_i+ | measured fitness | best measured fitness or single-digit g-values | x1 | x2...
1 0 +8.299263689e+01 +9.972263689e+01 +9.972263689e+01 -6.9426e-01 -2.3846e+00 -7.9244e-01 -2.5575e+00 -7.6767e-01 +8.5622e-02 -3.8903e-02 +5.3554e-01 +3.4022e-01 +4.0115e-01 -7.2632e-01 -8.5789e-01 +1.2055e+00 -2.0434e-01 -5.7726e-01 -1.4750e+00 -3.9114e-02 -6.1723e-01 +1.6301e+00 -3.0263e-01
2 0 +7.982408833e+01 +9.655408833e+01 +9.655408833e+01 -1.5294e+00 +4.0533e-01 +1.1278e+00 +2.0712e-01 -3.0379e-01 +8.2853e-01 +1.0879e+00 -1.4613e-01 +8.6418e-01 -3.9122e-01 -2.2005e+00 +2.5419e-01 -2.5963e-02 -1.5154e+00 -3.9464e-01 -6.3722e-01 +3.9329e-01 -1.6750e+00 +9.0926e-01 +1.0088e+00
6 0 +7.799261650e+01 +9.472261650e+01 +9.472261650e+01 -2.0066e-02 +7.2188e-02 -7.0522e-02 -8.6034e-01 +2.3216e-01 -1.3994e+00 +3.0337e-01 +3.0849e-01 -4.0671e-01 -1.9309e+00 +3.0435e-01 +9.0090e-01 +5.4258e-01 +6.3164e-01 -1.8607e-01 -7.1469e-01 +1.5967e+00 -4.1535e-01 -4.8403e-01 +5.7207e-01
178 0 +7.628991333e+01 +9.301991333e+01 +9.301991333e+01 +1.2779e+00 -1.1663e+00 +1.4954e+00 -3.5622e-01 +1.2259e-01 -1.7910e+00 -3.3852e+00 -7.3473e-01 +2.9553e-01 -1.1801e+00 +1.0024e+00 -1.7851e+00 +1.9463e-01 -9.6502e-01 -1.8086e+00 -8.5157e-01 -1.7201e+00 -6.9933e-01 -2.2460e-02 -8.1262e-01
179 0 +7.538808166e+01 +9.211808166e+01 +9.211808166e+01 +2.1607e+00 -7.5529e-01 -1.1063e+00 +8.0690e-01 +3.7077e-02 -1.7952e+00 -3.5289e+00 +3.7087e-01 +1.7549e+00 -2.0523e+00 +1.4258e+00 -1.7491e-01 -2.1850e-01 -1.8779e-01 -2.6972e+00 -2.4132e+00 -2.2149e+00 -1.3600e+00 +6.7735e-01 +2.1763e+00
396 0 +7.320267522e+01 +8.993267522e+01 +8.993267522e+01 -8.6060e-01 +4.0821e-01 -6.8352e-01 -1.6499e+00 +1.7136e+00 -9.8345e-01 +8.7288e-01 -1.1251e-01 -2.8377e+00 +6.2186e-01 -2.8601e-01 -1.0340e+00 -2.7375e-01 -4.6662e+00 -8.1379e-01 -3.7074e-01 +2.6457e+00 -4.4380e+00 -5.7925e-01 +6.7571e-01
987 0 +7.184447987e+01 +8.857447987e+01 +8.857447987e+01 -2.1968e+00 -2.8352e+00 -3.0609e+00 -4.3709e-03 +9.2141e-01 -1.6903e+00 +2.0561e+00 -1.8480e+00 -8.3730e-01 -1.9306e+00 -1.8981e+00 -2.2157e+00 -2.7602e+00 +3.0237e+00 +1.3535e+00 +1.8539e+00 -5.3702e-01 -8.0880e-01 +3.9770e+00 +4.2535e+00
1249 0 +6.827695729e+01 +8.500695729e+01 +8.500695729e+01 -1.7747e+00 -9.7504e-01 -1.2925e+00 -6.7693e-01 -2.6866e+00 +2.0498e+00 +4.1294e+00 +3.4163e-01 -1.0642e+00 -1.2464e+00 -1.4855e+00 -1.3384e+00 -1.2711e+00 +5.1774e-01 +3.6578e+00 -1.9498e-01 +2.0775e+00 -7.6858e-01 +6.0274e-01 +5.9917e-01
1332 0 +6.529292929e+01 +8.202292929e+01 +8.202292929e+01 -1.3703e+00 -2.5388e+00 -7.1870e-01 -2.1367e+00 +4.5872e+00 -1.4128e+00 -2.2196e+00 -3.4201e+00 -7.9560e-01 -1.1068e-01 +1.7974e+00 +1.4258e+00 -8.1403e-01 -1.3782e+00 -2.1392e+00 -1.9803e+00 +3.4434e+00 -2.7503e+00 +2.4132e+00 +1.1485e-01
% f evaluations | g evaluations | best noise-free fitness - Fopt (1.000000000000e+03) + sum g_i+ | measured fitness | best measured fitness or single-digit g-values | x1 | x2...
1 0 +8.086840090e+01 +1.080868401e+03 +1.080868401e+03 +2.1291e+00 -1.1583e-01 +8.3807e-01 -2.3724e-01 -1.0755e+00 +4.1819e-01 +8.5744e-01 +1.7351e+00 +6.6688e-01 +7.4737e-02 -7.5006e-01 +5.0243e-01 +2.3996e+00 +3.1649e-01 -1.1070e+00 +1.8833e+00 +1.1953e+00 -6.4783e-01 -3.8602e-01 +3.9839e-01
2 0 +7.053513112e+01 +1.070535131e+03 +1.070535131e+03 +1.4010e-02 -7.0155e-01 -5.1840e-01 -1.8581e+00 -2.5133e-01 +6.4540e-01 -1.7602e+00 -4.9239e-01 -2.1906e+00 -4.5833e-01 -3.7046e-01 -5.3028e-02 -1.3322e-01 -9.8633e-01 +1.4674e+00 -4.7533e-01 +8.9430e-01 +5.0663e-01 -3.0917e-01 +7.6633e-01
41 0 +6.780000134e+01 +1.067800001e+03 +1.067800001e+03 +2.1286e+00 -2.0848e+00 -1.0932e+00 -5.6492e-01 +6.8283e-02 +1.9309e-01 +4.8100e-01 -2.2258e+00 -1.9519e+00 -2.3069e+00 +9.9878e-01 -1.4188e+00 -2.3052e-02 -3.8624e-01 +1.2327e+00 +1.3053e+00 +3.6400e-01 +2.9307e+00 +3.9080e+00 -1.0329e+00
% f evaluations | g evaluations | best noise-free fitness - Fopt (-1.079600000000e+02) + sum g_i+ | measured fitness | best measured fitness or single-digit g-values | x1 | x2...
1 0 +8.188872333e+01 -2.607127667e+01 -2.607127667e+01 -1.2309e+00 -6.2952e-03 -6.6259e-01 -1.2423e+00 +7.9397e-01 -5.1580e-01 -8.1072e-01 -1.2003e+00 +3.0500e-01 -1.1608e+00 -4.3209e-01 +1.1070e+00 +1.9842e+00 -2.8166e+00 +1.7766e+00 -1.6906e+00 +1.6740e-01 -9.4629e-02 -4.4273e-02 -1.3085e+00
4 0 +8.127626975e+01 -2.668373025e+01 -2.668373025e+01 -1.5094e-01 +1.2290e-01 +6.1417e-01 +7.2529e-02 -1.6953e+00 -6.9245e-01 -9.7773e-01 -1.8769e+00 +1.0615e+00 +5.2506e-01 +2.4695e-01 -4.3387e-01 -3.2666e-01 +1.1354e+00 +1.4832e+00 +1.5946e+00 -3.9548e-01 +9.5750e-01 -9.4427e-01 -2.9825e-01
11 0 +7.918824973e+01 -2.877175027e+01 -2.877175027e+01 +1.4137e+00 -3.0752e-01 +9.1253e-02 +5.6985e-01 +1.2652e+00 +5.9820e-02 +4.9175e-01 -3.8744e-01 +5.3897e-01 -6.8038e-01 +7.3159e-02 +1.3630e+00 +1.0239e-01 +8.9801e-03 +9.4497e-01 -1.1538e+00 -5.4180e-01 +2.0018e-01 -4.1599e-01 +8.9629e-01
153 0 +7.458105898e+01 -3.337894102e+01 -3.337894102e+01 +6.6317e-01 -1.5939e-01 +3.6159e-01 +3.0639e-01 +1.2459e+00 -2.3832e+00 -3.8456e+00 -2.4195e+00 +2.4144e+00 +1.3110e+00 +3.1517e-01 +2.8871e+00 +3.1342e+00 -9.8154e-01 -2.4158e+00 -4.4566e+00 -2.1492e+00 +8.2923e-01 +1.8729e-01 -1.4004e+00
677 0 +7.385590691e+01 -3.410409309e+01 -3.410409309e+01 -9.3161e-01 +1.6235e+00 +3.6135e+00 +7.1580e-01 -1.9924e+00 -2.4902e+00 -2.5581e+00 -3.4826e+00 +1.8860e+00 -1.4981e+00 +3.6790e+00 +2.7766e+00 +7.8447e-01 +6.9959e-01 -5.5556e-01 +1.2503e+00 -1.8734e+00 -3.2350e+00 +2.4714e+00 -2.1752e-01
717 0 +7.219370214e+01 -3.576629786e+01 -3.576629786e+01 -2.6156e+00 +9.8685e-01 +5.4711e-02 +7.9189e-01 -6.4917e-01 +7.4812e-01 -2.5225e+00 -2.2493e+00 +2.1609e+00 +2.3605e+00 +4.1525e-01 -8.7345e-01 +2.3730e+00 +1.2354e+00 -7.6030e-01 -1.0431e-01 +1.2124e+00 -2.1676e-01 +2.2701e+00 +3.7494e-01
% f evaluations | g evaluations | best noise-free fitness - Fopt (-3.025900000000e+02) + sum g_i+ | measured fitness | best measured fitness or single-digit g-values | x1 | x2...
1 0 +8.439483235e+01 -2.181951676e+02 -2.181951676e+02 +3.5528e-01 +3.4101e-01 -3.4482e-01 -9.2500e-02 -1.2529e+00 +1.2819e+00 +9.8876e-01 +5.9582e-01 +7.0129e-01 -7.3335e-01 -1.2660e-01 +7.7334e-02 +5.5088e-01 -9.0762e-01 +3.3424e-01 +1.6081e-02 +1.1852e+00 +3.4522e-01 -2.5257e-01 -1.3257e+00
2 0 +7.993568976e+01 -2.226543102e+02 -2.226543102e+02 +1.1588e+00 -4.1034e-01 +1.3739e-01 -2.5602e+00 +8.6575e-01 +1.8442e+00 -3.2350e-01 +1.7155e+00 +3.6783e-02 +1.4651e+00 -7.7670e-01 +7.9060e-02 -1.7877e-01 +1.3526e+00 -5.1309e-01 +8.0131e-01 -5.4651e-01 -4.5124e-01 -3.3547e-01 +1.4270e-01
5 0 +7.527201373e+01 -2.273179863e+02 -2.273179863e+02 +1.6651e-01 -7.4618e-01 +1.6694e+00 -8.0765e-01 +1.0587e+00 +1.3483e+00 +9.4731e-01 +8.3393e-01 +4.8088e-02 +5.7550e-01 +6.9288e-02 -9.8160e-01 -1.2690e+00 -7.4831e-01 -7.3074e-01 +1.9397e-01 -6.6144e-01 -3.7394e-01 -2.0112e-01 -1.5834e+00
95 0 +7.407068168e+01 -2.285193183e+02 -2.285193183e+02 -9.7757e-02 +1.4800e+00 -5.4806e-01 +4.3497e-01 -1.0351e-02 +1.6182e+00 -9.4958e-01 +2.0436e+00 -2.5556e+00 +1.0234e+00 -4.1644e+00 -1.3991e+00 -2.0791e+00 +1.2004e+00 -9.5951e-01 -2.6585e+00 -9.1002e-01 +2.5929e+00 +3.4269e+00 -1.5008e+00
% f evaluations | g evaluations | best noise-free fitness - Fopt (-3.065500000000e+02) + sum g_i+ | measured fitness | best measured fitness or single-digit g-values | x1 | x2...
1 0 +8.442752689e+01 -2.221224731e+02 -2.221224731e+02 -5.8760e-01 +6.0180e-01 +1.7415e+00 -6.6381e-01 -8.9240e-01 +1.3800e-01 -2.0746e+00 +3.2244e-01 -1.4160e+00 -8.4266e-01 +2.7916e-01 +5.2684e-01 +4.0084e-01 +7.5630e-01 +8.0796e-01 +5.7031e-01 +1.1989e+00 -1.5958e-01 -2.9434e-01 +1.9288e-01
2 0 +8.032840926e+01 -2.262215907e+02 -2.262215907e+02 -1.1719e-01 -1.9379e+00 +2.3701e+00 +1.5793e+00 -4.8700e-01 +1.7946e-01 +6.9509e-01 -8.5970e-02 -2.4240e-01 -3.5170e-01 +1.5562e-01 -5.3102e-01 +6.8784e-01 -4.0933e-01 +6.0629e-01 -5.1210e-04 -1.7115e+00 -1.7834e-01 +1.2814e+00 -1.1527e+00
38 0 +7.453092918e+01 -2.320190708e+02 -2.320190708e+02 +7.4547e-01 -5.6627e-01 -9.0432e-01 +4.0436e+00 -4.3085e+00 -1.0473e+00 +4.5448e-01 +2.9719e+00 +4.0244e-01 +6.3042e-01 -1.5033e+00 +1.8197e-01 -2.0327e+00 -1.8220e+00 +1.4062e+00 +3.0568e+00 +3.3689e-01 -1.0390e+00 +2.4105e+00 -6.9864e-01
651 0 +7.199162074e+01 -2.345583793e+02 -2.345583793e+02 -1.2661e+00 +1.9030e+00 +1.2480e+00 +4.3542e+00 -3.7653e+00 -3.1496e+00 -2.2590e+00 -1.3049e-01 +1.0186e+00 +9.6917e-01 -1.2326e+00 +3.8430e+00 +3.4179e+00 -2.0915e+00 +2.2238e+00 +1.8865e+00 +3.6518e+00 -2.4889e-01 -1.8924e+00 -2.2949e+00
697 0 +6.765851695e+01 -2.388914831e+02 -2.388914831e+02 -4.1448e+00 +1.4829e+00 -1.6316e+00 +4.0887e+00 +1.8964e-01 -8.4336e-01 +2.2123e+00 -3.2118e+00 -3.5820e+00 -1.8307e+00 -2.4179e+00 +4.6968e-02 -4.0900e+00 +3.9451e+00 +1.7876e+00 -6.7661e-01 -2.7723e-02 +8.2203e-01 -1.6231e+00 +2.7486e-01
