% f evaluations | g evaluations | best noise-free fitness - Fopt (-5.235000000000e+01) + sum g_i+ | measured fitness | best measured fitness or single-digit g-values | x1 | x2...
1 0 +6.422793046e+01 +1.187793046e+01 +1.187793046e+01 -1.3896e+00 -7.5310e-01 -6.2201e-01 -1.0130e+00 -8.3958e-01 +9.1545e-01 +7.6697e-01 +1.2712e+00 +2.2944e-01 +7.7107e-01 -8.8882e-01 -2.1057e-01 +2.1290e+00 +4.1440e-02 +1.0125e+00 +1.1719e+00 -1.0368e+00 +5.6257e-01 +2.5987e+00 +3.0022e-01
2 0 +3.914923755e+01 -1.320076245e+01 -1.320076245e+01 -3.3060e-02 +4.6077e-01 -1.3884e-01 -6.9130e-01 -1.8576e+00 -3.0498e-01 -7.0420e-01 +9.6010e-02 -3.0078e-01 +5.3989e-01 +1.2084e+00 -1.2400e-01 -1.1628e+00 +1.0871e+00 +6.0497e-01 +1.2651e+00 +8.4732e-01 -2.1139e-01 +1.0729e+00 +3.8201e-01
6 0 +3.222770598e+01 -2.012229402e+01 -2.012229402e+01 +1.5385e-01 -4.1035e-01 -1.1735e+00 -2.1917e-01 +1.7450e-01 +2.1338e-01 -1.1376e+00 -1.5994e-01 +1.1299e-01 -4.7694e-01 +4.2872e-01 -8.6304e-01 -7.9052e-01 -4.5726e-01 +5.9971e-01 -3.6840e-01 +5.6263e-01 +3.4830e-01 +3.9608e-01 +2.5839e-01
10 0 +2.620867474e+01 -2.614132526e+01 -2.614132526e+01 -1.1241e+00 -1.6337e+00 +9.3514e-01 +1.0202e+00 -8.7695e-01 +6.7813e-02 +1.4001e+00 -4.3870e-01 +4.1064e-01 -4.0386e-01 +5.8412e-01 -8.6120e-01 -8.5932e-01 -1.8988e+00 +1.0283e+00 -8.2274e-01 -1.0975e+00 +3.8972e-02 -1.0062e+00 -1.8208e+00
342 0 +2.410961966e+01 -2.824038034e+01 -2.824038034e+01 -1.1009e+00 +2.5543e-01 +1.7928e+00 -5.5980e-01 -4.9144e-01 +3.1700e+00 -1.1233e+00 -1.1966e+00 +1.4724e+00 -2.6966e+00 -2.1751e+00 -1.4016e+00 +1.2732e+00 +2.7698e+00 -1.1046e+00 -2.2269e-01 -2.9524e-02 +2.6021e+00 +1.2693e+00 -8.1052e-01
% f evaluations | g evaluations | best noise-free fitness - Fopt (-1.795400000000e+02) + sum g_i+ | measured fitness | best measured fitness or single-digit g-values | x1 | x2...
1 0 +7.757731897e+01 -1.019626810e+02 -1.019626810e+02 +1.3389e-01 +9.8847e-01 +7.8205e-01 +2.1813e-01 +6.0890e-01 -1.0202e-01 -3.4553e-02 -6.0141e-02 +1.0419e+00 +2.0278e-02 -1.4281e+00 +6.8737e-01 +2.7437e-01 -1.2410e+00 -9.4723e-01 +8.2615e-01 -4.0794e-02 -1.2152e+00 +7.0372e-01 +2.1356e+00
2 0 +7.147705173e+01 -1.080629483e+02 -1.080629483e+02 -8.1577e-01 -1.6360e-01 +3.1492e-01 +1.0123e+00 +1.5862e+00 +1.7500e+00 +5.3035e-01 -2.0288e-01 +2.1041e+00 -2.8733e-02 +7.6403e-01 -2.2287e-01 +1.1173e+00 -1.1629e+00 +7.3451e-02 +5.5532e-01 -2.3565e+00 -1.8781e-01 -5.8470e-01 +1.0248e+00
4 0 +6.906999951e+01 -1.104700005e+02 -1.104700005e+02 -9.8973e-01 -1.2384e+00 -3.2613e-01 -9.6366e-02 +8.7657e-01 -2.4626e-01 +9.7195e-01 +1.1778e+00 +1.5284e-01 -3.0669e-01 +6.1785e-01 +3.5263e-01 +1.9770e-01 -1.2156e+00 +8.7289e-01 +4.6327e-01 +6.7595e-01 -1.3586e+00 +4.6752e-03 +1.1044e-01
5 0 +6.222780599e+01 -1.173121940e+02 -1.173121940e+02 -6.0079e-01 +3.4391e-01 +1.2520e+00 +1.7354e+00 -3.3428e-01 +1.4559e+00 -1.7981e-01 +1.3523e+00 -1.0512e+00 +1.3025e-01 -6.4498e-01 -1.6679e-01 +6.9247e-01 +1.0097e+00 +8.9640e-02 -2.4534e+00 -1.0091e+00 -2.2527e-02 +2.0809e+00 -1.0543e+00
6 0 +4.767794851e+01 -1.318620515e+02 -1.318620515e+02 -1.0179e+00 +9.3309e-01 +9.2893e-01 +1.3468e-01 +3.8707e-01 +8.7727e-01 +1.6910e+00 -3.3861e-01 -6.9273e-01 +5.8396e-01 +6.8418e-01 +1.8140e+00 -2.9681e-01 -5.4414e-01 +1.0893e+00 -1.0229e+00 -4.0639e-01 -8.7786e-01 -1.3276e+00 +4.9659e-02
123 0 +2.539018352e+01 -1.541498165e+02 -1.541498165e+02 +2.7740e-01 +7.5749e-01 +1.8070e-01 +1.2374e+00 +1.6506e+00 +7.5064e-01 -1.0615e-01 +5.4063e-01 +2.0505e+00 +8.5548e-02 +2.8316e-01 -2.0948e-01 -5.6942e-02 -3.6703e-01 +1.6211e+00 -5.2377e-01 +2.0867e+00 +3.6276e+00 +5.8350e-01 +2.5381e+00
284 0 +2.000015796e+01 -1.595398420e+02 -1.595398420e+02 +3.3104e+00 -2.1857e+00 -3.4686e+00 +2.1379e+00 +2.7270e+00 -7.7743e-01 +4.6969e-01 +1.7569e+00 -2.6855e+00 +1.7459e+00 -1.6191e+00 -1.5276e+00 -4.2914e+00 -7.4277e-01 +3.4044e-01 +3.1966e+00 -1.6040e+00 +1.6454e+00 -2.8777e-01 -1.2786e+00
399 0 +1.964986104e+01 -1.598901390e+02 -1.598901390e+02 -1.0266e+00 -1.1431e+00 -2.4679e+00 +9.8491e-01 +3.0923e+00 +2.7989e+00 -1.1269e-01 +1.0265e-01 -2.4794e+00 +1.9957e+00 -2.1337e+00 -7.3704e-01 -1.2085e+00 -2.0255e+00 +2.4795e+00 -1.0831e+00 -5.8992e-01 +1.2208e+00 -4.0802e-01 -5.5203e-01
% f evaluations | g evaluations | best noise-free fitness - Fopt (7.731000000000e+01) + sum g_i+ | measured fitness | best measured fitness or single-digit g-values | x1 | x2...
1 0 +2.166930741e+01 +9.897930741e+01 +9.897930741e+01 -3.0192e-01 -1.5295e+00 -6.5163e-01 -1.0082e-02 -7.4790e-01 -2.2179e+00 +7.2421e-03 -2.6283e-01 +8.0109e-01 +9.6286e-01 -5.8531e-01 +1.4626e+00 +1.1628e-01 +1.0265e+00 +1.7563e-01 +5.9799e-01 +2.2531e-01 +2.1666e+00 -5.4119e-01 -3.2220e-01
3 0 +1.869498444e+01 +9.600498444e+01 +9.600498444e+01 -7.7199e-01 -1.3522e+00 +1.1579e+00 -1.5689e-01 +1.1385e-02 -1.1343e+00 +2.6588e-01 +6.7798e-01 +1.3871e-01 -5.4567e-01 -4.0744e-01 +1.7511e-01 +3.7250e-01 +9.9047e-01 +6.9131e-01 +1.1385e+00 -6.6257e-01 +1.3438e+00 +5.4665e-01 -2.1128e-01
383 0 +1.467669313e+01 +9.198669313e+01 +9.198669313e+01 +2.4886e+00 +1.0344e+00 -3.7025e+00 -7.0646e-01 -7.3159e-01 -3.3669e+00 -6.5429e-01 +1.3965e+00 +5.7354e-01 +2.6119e+00 -4.5648e-01 +1.2711e+00 -6.2161e-01 +2.0874e-02 -7.0951e-01 +2.2412e+00 +3.6401e+00 +1.5108e-01 +9.1784e-01 +2.2200e+00
595 0 +1.402103812e+01 +9.133103812e+01 +9.133103812e+01 +1.2395e-01 -1.8015e+00 -1.2331e+00 -3.4139e+00 +1.8211e+00 +8.7913e-01 +1.1973e+00 -2.3728e+00 +1.5752e+00 +1.0882e+00 -4.4920e-01 +3.1831e+00 -2.2780e+00 +7.2192e-01 -3.2174e-01 +2.9556e+00 -3.3346e-01 +2.4964e+00 +2.5070e+00 +1.4502e+00
% f evaluations | g evaluations | best noise-free fitness - Fopt (3.992000000000e+01) + sum g_i+ | measured fitness | best measured fitness or single-digit g-values | x1 | x2...
1 0 +7.000895465e+01 +1.099289547e+02 +1.099289547e+02 +3.7025e-01 -9.0149e-01 -7.9005e-01 -7.6236e-01 +7.6110e-02 -7.7685e-01 -1.9694e-01 -2.7174e-01 -1.3466e+00 -2.6823e-01 +5.7017e-01 -6.4304e-01 +2.8793e-01 -1.3335e+00 -1.7229e+00 +8.4179e-01 +8.0192e-01 -5.1281e-01 -1.1533e+00 -9.6492e-01
2 0 +2.892976370e+01 +6.884976370e+01 +6.884976370e+01 +2.3577e-01 +1.2078e+00 +1.8169e+00 -1.5734e+00 -1.8671e-01 -1.7311e+00 -1.2353e+00 +2.0579e-01 +4.8495e-01 -8.4445e-01 +1.8314e+00 +2.3489e-01 -1.5197e+00 +2.5720e+00 -6.4098e-01 -9.7844e-01 +2.8979e-01 +5.0574e-01 -1.7083e+00 +2.1694e-01
75 0 +1.874323195e+01 +5.866323195e+01 +5.866323195e+01 +4.2700e+00 +1.6679e+00 +4.1759e+00 -1.6396e-01 -1.0537e+00 -1.6625e+00 -1.2455e+00 -5.6188e-02 +2.5856e+00 +2.4798e+00 -7.5583e-01 -2.3888e+00 -4.8894e+00 +1.1491e-01 -3.8653e+00 +5.9646e-01 -2.7385e+00 +2.0281e-01 +9.8464e-01 -3.3008e+00
80 0 +1.681890144e+01 +5.673890144e+01 +5.673890144e+01 +3.2562e+00 +8.2109e-01 +3.9125e+00 -2.2697e-01 -1.0710e+00 -4.6437e-01 -1.0635e+00 +7.0839e-01 +1.4292e+00 +1.5168e+00 +5.9537e-01 -1.9202e+00 -4.9259e+00 -1.2970e+00 -4.3043e+00 +2.2231e-02 -1.8604e+00 +1.7931e+00 +2.1275e+00 -3.3109e+00
169 0 +1.335572080e+01 +5.327572080e+01 +5.327572080e+01 +1.6595e+00 +9.7097e-01 +2.1417e+00 +8.6643e-02 -9.3796e-01 +2.4467e+00 -1.6353e+00 -2.0452e+00 +1.7016e+00 +3.4253e+00 -2.8344e+00 +1.0887e+00 -6.7783e-01 +2.0973e+00 -3.7168e+00 +2.2028e-01 +1.3902e+00 +2.9441e+00 -1.9902e-01 -3.7966e+00
% f evaluations | g evaluations | best noise-free fitness - Fopt (-5.661000000000e+01) + sum g_i+ | measured fitness | best measured fitness or single-digit g-values | x1 | x2...
1 0 +3.965363190e+01 -1.695636810e+01 -1.695636810e+01 +1.5012e+00 +6.6479e-01 -5.5390e-01 -1.1400e-01 +9.3052e-01 +2.1812e-01 +6.2848e-01 -9.0132e-01 -2.3810e-02 -1.3818e+00 -1.2920e-01 +1.0855e-01 -8.2006e-01 +7.6326e-01 -2.2006e-01 -6.4112e-03 -4.8860e-01 -2.8825e-01 -3.3978e-01 -5.7930e-01
2 0 +3.689368559e+01 -1.971631441e+01 -1.971631441e+01 -3.1469e-02 -3.5658e-01 -3.8258e-03 -5.1518e-01 +7.1822e-01 +1.8225e+00 +5.1129e-01 -4.1448e-02 -2.3139e+00 -3.2882e+00 +4.0428e-01 -1.2198e+00 +5.6709e-01 -5.3466e-01 +7.6064e-01 -1.0627e+00 +1.8535e-01 +1.6624e+00 +1.0637e+00 -5.9851e-01
6 0 +3.226805381e+01 -2.434194619e+01 -2.434194619e+01 -9.7475e-01 +1.5869e-01 -1.1722e+00 +1.2684e+00 +3.2346e-01 +2.3174e-01 +6.1811e-01 -8.7159e-01 +1.1790e-01 -8.3125e-01 -1.3025e+00 +1.4563e-01 +7.7662e-01 +2.1178e+00 +6.0195e-01 -6.5654e-01 -3.3452e-01 +3.5079e-02 -4.3958e-01 -1.0512e-01
11 0 +3.058086355e+01 -2.602913645e+01 -2.602913645e+01 +2.2213e-01 +9.3687e-01 +1.0163e+00 +1.1965e+00 +5.8723e-02 +4.0382e-01 +5.3066e-02 -7.4683e-02 -1.6883e+00 -9.4498e-01 +9.8684e-01 -1.3479e+00 -1.7450e+00 -1.6700e+00 -2.0125e-01 +1.2821e+00 -1.1453e+00 +6.7800e-02 -6.0073e-01 -1.0409e+00
147 0 +2.596253348e+01 -3.064746652e+01 -3.064746652e+01 -1.3504e+00 +4.7072e+00 +3.1024e+00 -2.9117e+00 +1.9838e+00 -2.0720e+00 -5.1912e-01 +4.9849e-01 -3.3135e+00 +2.4412e+00 -2.8072e-02 +2.7271e+00 -3.0163e+00 -2.6992e-01 +2.0977e+00 +1.4593e+00 -1.3815e+00 -1.8697e-01 +5.0603e-02 +1.9891e+00
172 0 +2.561897990e+01 -3.099102010e+01 -3.099102010e+01 +2.6014e-01 -7.6683e-01 +1.0975e+00 -3.9722e+00 -1.0781e+00 +3.3118e+00 -1.2734e+00 -1.4304e+00 -6.7010e-01 +8.2745e-02 -2.2141e+00 +1.1176e-01 +1.6741e+00 -1.2027e+00 +1.2491e+00 +1.2133e+00 +3.2231e+00 +6.1928e-01 -4.8724e+00 -1.2269e+00
1523 0 +1.485579212e+01 -4.175420788e+01 -4.175420788e+01 +1.3307e-01 +1.5181e+00 +1.1511e+00 -3.7617e-01 -3.6674e+00 +2.6066e+00 +1.4341e+00 -8.9105e-01 -3.9421e+00 +6.1139e-01 -2.6464e+00 -2.9312e+00 +1.9672e-01 +1.3382e+00 -1.6308e+00 -1.6068e+00 -1.7594e+00 +3.0939e+00 -2.8473e+00 +9.9804e-01
1928 0 +1.425068865e+01 -4.235931135e+01 -4.235931135e+01 +2.2596e-02 +2.9481e+00 +2.2539e+00 -3.2222e+00 -2.7501e+00 +2.1780e+00 +1.9519e-01 -2.1804e+00 -1.0461e+00 -1.7573e+00 -1.3773e+00 -1.4829e+00 +6.7529e-01 -2.7581e+00 -1.3304e+00 +2.1671e+00 +2.2157e-02 +1.2549e+00 -1.1811e+00 -2.2292e+00
1929 0 +1.338755502e+01 -4.322244498e+01 -4.322244498e+01 +2.2371e-01 +1.9117e+00 +1.1449e+00 -3.3456e+00 -2.4756e+00 +2.1298e+00 +7.0261e-01 -4.6371e+00 -1.0648e+00 -1.3567e+00 -1.6861e+00 -1.7132e+00 +1.0186e+00 -1.2900e+00 -1.6696e+00 +2.7691e+00 +1.5865e+00 +5.9809e-01 -1.4148e+00 -2.0676e+00
% f evaluations | g evaluations | best noise-free fitness - Fopt (3.270000000000e+01) + sum g_i+ | measured fitness | best measured fitness or single-digit g-values | x1 | x2...
1 0 +5.022385438e+01 +8.292385438e+01 +8.292385438e+01 -2.5791e+00 -1.4357e+00 -1.4092e+00 +1.6450e+00 -8.7322e-01 -5.1805e-01 +1.5565e-01 +4.4431e-01 +1.2417e+00 +1.8990e-01 +1.2778e+00 +9.4220e-01 +1.3587e+00 +4.8353e-01 -6.7151e-01 +7.3733e-01 +1.2218e+00 +9.1343e-01 +3.8688e-01 -2.6959e-01
54 0 +3.265635147e+01 +6.535635147e+01 +6.535635147e+01 -1.5282e+00 -4.5920e+00 -1.9104e+00 +1.0038e+00 -2.6055e+00 +3.6309e+00 +6.7507e-01 +2.5985e+00 +2.3183e-01 -1.2526e+00 -2.2657e+00 -2.0972e+00 +2.0067e+00 +7.9080e-01 -3.6612e+00 +3.4900e+00 -2.7356e+00 -5.2366e-01 +1.2448e+00 +4.3262e+00
57 0 +3.133149233e+01 +6.403149233e+01 +6.403149233e+01 -2.0012e+00 -4.5201e+00 -7.2556e-02 -2.1206e-01 -3.1304e+00 +2.4054e+00 -1.9747e+00 +2.4732e+00 +1.1874e+00 -1.2178e+00 +7.3019e-02 -1.5601e+00 +1.3662e+00 +1.2254e+00 -3.5626e+00 +4.1917e+00 -1.1245e+00 -9.4469e-01 -9.4123e-01 +2.6747e+00
123 0 +1.909280407e+01 +5.179280407e+01 +5.179280407e+01 -5.1918e-01 -1.4867e+00 -2.2836e+00 +4.3308e+00 -2.2314e+00 -2.5452e+00 -1.9610e-01 +1.2556e-01 +1.9361e+00 -5.5710e-01 -2.4891e+00 -3.1607e+00 +2.9802e+00 +8.1436e-01 -4.4457e+00 +6.3753e-01 +2.1909e+00 +9.8205e-01 +6.2640e-01 -3.0790e-01
% f evaluations | g evaluations | best noise-free fitness - Fopt (-3.943000000000e+01) + sum g_i+ | measured fitness | best measured fitness or single-digit g-values | x1 | x2...
1 0 +5.827681647e+01 +1.884681647e+01 +1.884681647e+01 -1.9573e+00 +1.3512e-01 -1.1762e-01 +1.0083e+00 -9.1327e-01 -2.4010e-01 -7.6414e-01 -5.9612e-01 +9.9176e-01 -1.4932e+00 -1.5100e+00 -3.1743e-01 +4.6136e-02 +8.5304e-01 -2.1977e-01 +5.1274e-01 +9.4671e-01 +2.4142e-01 -2.1582e+00 +2.5794e-01
2 0 +4.611640423e+01 +6.686404227e+00 +6.686404227e+00 -3.4023e-01 -1.4970e-01 -1.5130e+00 -1.7860e+00 +2.8931e-01 -1.0333e+00 +3.6130e-02 +6.8274e-02 +9.9387e-01 -1.4174e-02 +1.2264e-01 +2.9857e-01 -9.5245e-01 -1.1441e+00 +7.4779e-01 -1.1450e-01 -1.9356e-01 +2.1584e+00 +1.7396e+00 +5.9490e-01
4 0 +4.547605861e+01 +6.046058614e+00 +6.046058614e+00 +1.8208e+00 +1.3984e+00 -4.6765e-01 -1.3165e-01 -3.5956e-01 -1.4665e+00 +8.6455e-01 +3.8246e-01 -1.7919e-02 +8.7132e-01 -2.1535e-01 +6.8337e-01 +3.5234e-01 -1.7810e+00 -2.3749e-01 -3.5408e-01 +5.7454e-01 -7.1069e-01 +2.2423e-01 -1.6767e+00
6 0 +4.153755384e+01 +2.107553840e+00 +2.107553840e+00 +6.6291e-02 +7.6898e-01 -1.1555e+00 +1.1564e+00 -9.4820e-02 -1.6221e+00 -5.8501e-01 -1.0954e+00 +4.3614e-02 +6.1184e-01 -7.0538e-01 +1.5914e+00 +1.9267e+00 -1.6861e+00 +1.0480e+00 +4.8569e-01 -2.2165e+00 -7.5409e-01 +5.5836e-01 +7.1263e-01
22 0 +3.763959120e+01 -1.790408796e+00 -1.790408796e+00 +1.5418e+00 +1.4142e+00 +3.7932e+00 -1.6812e+00 +1.0073e+00 -1.4132e+00 -1.1909e+00 -3.3118e-01 +3.1225e+00 +9.2750e-01 -4.0506e-01 +2.8841e-01 -9.4033e-02 -2.7278e-02 +2.0668e+00 +6.5896e-01 +1.0924e+00 +1.5686e+00 +1.3997e-01 -7.6144e-01
95 0 +3.398854480e+01 -5.441455204e+00 -5.441455204e+00 +4.6225e+00 +8.9630e-01 +6.5579e-01 +1.4245e+00 -2.1918e+00 +1.9358e+00 +9.6233e-01 -3.2950e+00 -1.2176e+00 +2.2672e+00 -2.8246e-01 +2.4781e+00 -2.9824e+00 +1.6376e+00 -4.1724e+00 -4.3444e-01 -1.2918e+00 +1.1376e+00 -2.8308e+00 -9.9696e-02
98 0 +3.243196297e+01 -6.998037030e+00 -6.998037030e+00 +3.3768e+00 -8.2652e-01 +1.2753e+00 +6.4199e-01 -2.4910e+00 +8.0707e-01 +4.7916e-01 -2.7983e+00 -1.4469e+00 +1.5240e+00 -1.0561e+00 -2.4343e+00 -2.0641e+00 +1.5221e+00 -2.5401e+00 -8.5044e-01 -7.3829e-01 +1.3523e-01 -2.1346e+00 +1.8538e+00
166 0 +2.957546505e+01 -9.854534945e+00 -9.854534945e+00 +1.2339e+00 +2.9873e+00 +1.1179e+00 -2.3541e+00 -1.1426e+00 +7.9609e-01 -3.6721e+00 -9.8873e-01 +8.8891e-01 +2.0462e+00 -2.2868e+00 +1.3490e+00 +1.6984e+00 +1.7893e+00 +1.7279e+00 +1.1468e+00 -8.3456e-01 +3.6007e+00 +5.9136e-01 +1.1290e+00
170 0 +2.698599651e+01 -1.244400349e+01 -1.244400349e+01 +3.2886e+00 +3.1286e+00 -8.3404e-01 -2.0811e+00 +5.6394e-01 +1.2635e+00 -2.9677e+00 -5.9672e-01 -1.7664e+00 +2.0872e+00 -1.6259e+00 +1.9325e+00 +6.0132e-01 -6.9451e-01 +4.2113e+00 +1.4610e+00 -1.0118e+00 +3.0823e+00 -6.4582e-01 +2.7273e+00
302 0 +2.630593500e+01 -1.312406500e+01 -1.312406500e+01 +4.3051e+00 -1.4081e+00 +1.3751e+00 +1.2095e+00 -2.7195e+00 +5.2104e-01 -1.3446e+00 -1.5328e-01 -1.1254e+00 -1.4601e+00 +1.3567e+00 -2.5247e+00 -9.3434e-01 +9.9160e-01 -4.9702e-01 -4.0823e-01 -3.7361e-02 -1.4073e+00 +1.8988e+00 +3.2961e+00
458 0 +2.617855393e+01 -1.325144607e+01 -1.325144607e+01 -1.3401e+00 -1.9926e+00 +1.0899e+00 -5.3128e-01 -8.6360e-01 -1.0097e+00 -1.9990e+00 +1.4869e-01 -1.9530e+00 +2.1684e+00 -4.5795e+00 -2.0603e+00 +1.7183e+00 +8.4683e-01 +2.2312e+00 +1.0783e-01 -4.0535e-01 -5.9921e-01 -1.6226e+00 +3.6407e+00
% f evaluations | g evaluations | best noise-free fitness - Fopt (4.197200000000e+02) + sum g_i+ | measured fitness | best measured fitness or single-digit g-values | x1 | x2...
1 0 +4.345546966e+01 +4.631754697e+02 +4.631754697e+02 -4.1135e-01 -5.1793e-01 -1.9746e+00 -1.2962e+00 -5.0645e-01 +2.0497e-01 +1.2943e+00 +1.5752e-01 +7.8525e-01 +7.5370e-02 +1.0073e+00 -1.5436e+00 +1.1776e+00 +8.9265e-01 +5.5167e-01 +7.8061e-01 -4.9335e-02 -9.3368e-01 -1.6623e+00 +3.5132e-01
4 0 +3.703773433e+01 +4.567577343e+02 +4.567577343e+02 +3.7005e-02 +4.5945e-01 +4.8823e-01 +1.1138e+00 +1.6281e+00 -5.4000e-01 +2.6764e-01 -7.9047e-01 -1.2233e+00 +3.9465e-02 -1.4791e+00 -5.2981e-01 -4.5166e-01 +1.2478e+00 +8.5121e-01 -1.6542e+00 +9.1171e-01 +7.6187e-01 -6.6677e-02 +2.1096e-02
6 0 +2.739653238e+01 +4.471165324e+02 +4.471165324e+02 -2.0629e+00 -2.6272e-01 -5.3153e-01 -1.2431e+00 -3.4665e-01 -2.4579e-01 -3.9633e-02 -1.4950e+00 -2.5142e-01 +3.9972e-01 -2.5501e-01 +8.0028e-01 +5.0644e-01 -1.4698e+00 +1.3573e+00 -5.5617e-01 -2.0823e+00 -3.7591e-01 -1.1634e+00 -1.3962e+00
288 0 +2.441706048e+01 +4.441370605e+02 +4.441370605e+02 -3.5925e+00 +1.8266e+00 -9.1457e-01 +1.9471e+00 -1.8133e+00 +3.2381e-01 -7.4557e-02 -1.2447e+00 +1.7415e+00 +1.5715e+00 +3.7520e+00 +2.8268e-01 -1.3492e+00 -2.1059e+00 -4.1518e-01 -8.0070e-01 -5.1273e-01 +1.4828e+00 -6.4926e-01 +1.9217e+00
605 0 +2.266125383e+01 +4.423812538e+02 +4.423812538e+02 -1.1372e-01 +7.7090e-01 -2.7872e+00 +3.7040e-02 +5.4140e-01 -2.7975e+00 -1.4929e-01 +1.2297e+00 -5.9214e-03 +2.3656e+00 -4.3527e-01 -1.2498e+00 +1.5746e+00 +1.4717e-01 +1.0241e+00 +2.1362e-01 -1.2027e+00 -4.7827e-01 -2.2260e-01 -1.9648e+00
763 0 +1.461818991e+01 +4.343381899e+02 +4.343381899e+02 -1.6387e+00 +1.6166e+00 -1.2720e+00 +1.5199e+00 +2.3781e+00 -8.5200e-01 -1.7177e+00 -1.2497e+00 -1.3067e+00 +2.9432e+00 -3.5029e-01 +2.0027e+00 -5.9360e-01 -2.0238e+00 +1.7981e+00 -2.5102e+00 -4.0145e+00 -5.5522e-01 -3.1369e+00 +8.3147e-01
% f evaluations | g evaluations | best noise-free fitness - Fopt (7.640000000000e+00) + sum g_i+ | measured fitness | best measured fitness or single-digit g-values | x1 | x2...
1 0 +3.131222552e+02 +3.207622552e+02 +3.207622552e+02 +4.0433e-01 -6.9917e-01 -2.4760e-01 +5.1959e-01 +1.5973e+00 -2.6788e+00 -4.5850e-01 -5.1816e-01 +4.3215e-01 +1.4222e+00 -7.0405e-01 +4.8399e-01 -4.9961e-01 +3.7952e-01 +4.4799e-02 -2.3989e+00 -1.8446e+00 +5.3806e-01 +1.5936e-02 +2.8430e-01
3 0 +1.856189939e+02 +1.932589939e+02 +1.932589939e+02 +7.5760e-01 -3.8961e-02 -2.0900e-01 +1.8368e+00 -8.3707e-02 -1.6518e+00 -8.4549e-01 +1.4488e+00 -2.5497e+00 +7.4866e-01 -1.6016e-01 +2.3697e+00 -1.8403e-01 -2.8834e-01 -1.3123e-01 +4.6672e-01 +7.2195e-01 -1.2227e+00 +1.1060e+00 -4.5103e-01
4 0 +1.513107546e+02 +1.589507546e+02 +1.589507546e+02 -1.2107e-01 -2.4921e-01 +2.6766e-01 +7.3827e-01 +4.7682e-01 +3.9952e-02 -3.8926e-01 -9.8049e-01 +1.1766e+00 -3.8200e-01 +2.2947e-02 -3.3897e-01 -1.0368e-01 -9.0842e-01 +1.0279e+00 -2.9216e-01 -1.8910e+00 -1.3473e+00 +1.3634e+00 -9.3558e-01
6 0 +1.377906716e+02 +1.454306716e+02 +1.454306716e+02 -7.2029e-01 +6.4079e-02 -5.5453e-01 +1.3786e+00 +5.9209e-02 -1.6704e+00 +5.5753e-02 +4.8599e-01 -8.7286e-01 -1.4956e-01 +1.8941e+00 +9.1277e-01 +9.0606e-01 +6.7928e-01 -1.2247e+00 +2.1925e+00 +9.1589e-01 +2.0816e+00 -1.4531e-01 +1.7043e-01
12 0 +1.143757305e+02 +1.220157305e+02 +1.220157305e+02 +6.9702e-01 +1.5418e+00 +1.5636e-01 +3.4136e-01 -2.8898e-01 -6.3307e-01 +4.4486e-01 -7.2087e-01 -8.9135e-01 -5.2420e-01 -4.3184e-01 -4.7817e-02 -1.6609e+00 -1.9173e-01 -1.3725e+00 +5.9092e-01 +1.3271e+00 +8.2797e-01 -6.8229e-01 -1.2761e+00
24 0 +8.429046869e+01 +9.193046869e+01 +9.193046869e+01 +2.2104e+00 +5.6543e-01 +3.3856e+00 -3.6051e+00 -1.2666e+00 -8.9822e-01 -6.2106e-01 +2.5511e+00 -3.3715e+00 +1.2065e+00 +1.1023e-02 -1.1189e-01 -8.8343e-01 +1.9370e+00 -3.7121e+00 +1.7770e+00 +3.7163e+00 +1.7853e+00 +1.9471e+00 +1.6215e+00
26 0 +5.221021573e+01 +5.985021573e+01 +5.985021573e+01 +1.0177e+00 +4.5640e-01 +1.5027e+00 -1.8532e+00 -8.7458e-01 -1.1946e+00 -1.8059e+00 +6.6726e-01 -4.1296e+00 +3.0433e+00 +1.6779e-01 -9.5354e-02 +9.5029e-01 +9.3959e-01 -1.3476e+00 +3.4715e+00 +3.5371e+00 +6.3445e-01 +1.9216e+00 -4.9832e-01
36 0 +4.102412539e+01 +4.866412539e+01 +4.866412539e+01 +1.1238e+00 +1.7802e+00 +2.0586e+00 +3.0185e+00 -3.5901e+00 +2.5675e+00 +2.0373e+00 -5.3652e-01 -7.8328e-01 +1.8479e+00 -4.4386e-01 -3.3114e+00 -4.5430e+00 +1.3426e+00 -1.5676e+00 +1.3095e-01 +6.3037e-01 +1.6135e-01 +2.2413e+00 +2.1395e+00
37 0 +3.077876996e+01 +3.841876996e+01 +3.841876996e+01 +2.2345e+00 +1.3378e+00 +3.3258e+00 +2.4317e+00 -1.4388e+00 +2.5434e+00 +1.0344e+00 +1.4073e-02 -4.1148e-03 +4.4843e-01 +1.3427e-01 -2.6596e+00 -3.5150e+00 +8.3691e-01 -1.5637e+00 +5.6249e-02 +2.1544e-01 +9.8997e-02 +6.8122e-02 -2.5064e-01
1617 0 +2.937564921e+01 +3.701564921e+01 +3.701564921e+01 +1.4230e-01 -1.4183e+00 -1.0802e+00 -1.9322e+00 +1.5626e+00 -2.4603e-01 +2.1008e-01 -1.8108e+00 -2.1114e+00 -6.2326e-01 -1.0228e+00 -1.9568e+00 +6.6084e-01 +1.9656e+00 +1.7197e+00 +4.5826e+00 +4.1808e+00 +3.3685e+00 +4.0040e+00 -2.4260e+00
% f evaluations | g evaluations | best noise-free fitness - Fopt (-1.276800000000e+02) + sum g_i+ | measured fitness | best measured fitness or single-digit g-values | x1 | x2...
1 0 +8.815975577e+01 -3.952024423e+01 -3.952024423e+01 -1.2086e+00 +9.8990e-01 -1.0786e+00 +6.7068e-02 -4.1324e-01 -2.3729e+00 -7.6215e-01 +5.8870e-01 +8.7117e-01 +5.4969e-01 +1.0597e+00 -6.8496e-02 -4.3651e-01 +7.1611e-01 -1.8292e+00 +7.9079e-01 -1.2699e+00 +5.3552e-01 -1.4862e+00 -1.0140e+00
4 0 +2.811471283e+01 -9.956528717e+01 -9.956528717e+01 -7.6992e-01 +3.7633e-02 +1.7031e+00 -1.3882e+00 -6.1373e-01 +2.1848e+00 +7.9272e-01 +4.9556e-01 -3.8801e-01 +2.1739e+00 +5.7708e-01 -7.0634e-01 +3.0479e-01 +9.5297e-01 +4.1033e-01 -7.1447e-01 -6.5029e-01 -8.6707e-01 +3.5144e-01 +1.0275e+00
362 0 +2.132734473e+01 -1.063526553e+02 -1.063526553e+02 +4.8015e+00 +5.7217e-01 +1.1692e+00 -6.3069e-02 -8.6069e-01 +8.0540e-01 +7.6066e-01 -2.4961e+00 +3.9165e+00 +1.5023e+00 -1.5002e+00 -6.3174e-01 +2.7776e+00 -2.4384e+00 +3.6677e+00 +1.1314e-01 +1.2746e+00 +2.4049e-01 +1.8536e+00 +4.4270e-01
% f evaluations | g evaluations | best noise-free fitness - Fopt (-3.650000000000e+01) + sum g_i+ | measured fitness | best measured fitness or single-digit g-values | x1 | x2...
1 0 +9.095195027e+01 +5.445195027e+01 +5.445195027e+01 +9.7035e-01 +1.8546e+00 +3.7496e-01 +2.4847e-01 -1.5711e+00 -6.7669e-01 -9.2516e-02 +1.5560e+00 -6.1704e-01 -1.1344e+00 -5.9156e-01 -9.1597e-01 +9.4641e-01 +1.5814e-01 +5.5299e-02 +1.5066e+00 -1.3927e+00 -4.3432e-02 -1.0260e+00 -1.2661e+00
2 0 +5.469820906e+01 +1.819820906e+01 +1.819820906e+01 -5.7236e-01 +8.4292e-01 +5.9901e-01 +1.6556e-02 +8.7865e-01 -9.3081e-01 -9.0731e-01 +1.0309e+00 -1.4708e-01 +9.8247e-01 -2.4288e+00 +1.1889e-01 -2.3141e-01 -7.0367e-01 +1.9919e+00 -1.5379e+00 -6.0579e-01 +4.7329e-02 +2.6831e-01 -1.5209e-01
3 0 +4.557780819e+01 +9.077808185e+00 +9.077808185e+00 +5.3871e-01 +1.3344e+00 -4.3752e-01 -1.1233e-01 +1.5435e-01 -1.6469e+00 +3.8438e-01 -1.2632e+00 -1.2078e+00 +3.7257e-01 -9.5452e-01 -1.0957e-03 +2.8241e-01 +1.0680e-01 +1.0804e+00 -7.6699e-01 -1.3152e+00 +2.0944e-01 -1.2828e-01 +5.8627e-01
7 0 +3.553979393e+01 -9.602060658e-01 -9.602060658e-01 -1.1013e+00 +8.1106e-02 +2.4694e-01 +2.2649e+00 +1.2166e+00 -3.1004e-02 -3.2043e-01 -8.6576e-01 +1.1368e+00 +1.2791e+00 +5.0667e-01 -2.2313e-01 +1.3339e+00 -2.0859e+00 -2.9056e-01 -3.1137e-01 -7.6599e-01 -1.5635e+00 -3.4543e-01 -4.8863e-01
159 0 +3.522759390e+01 -1.272406095e+00 -1.272406095e+00 -1.5070e+00 +2.5188e+00 -4.7074e-01 +1.7697e+00 +3.0088e+00 +1.2721e+00 +1.5552e+00 +9.3946e-01 +1.0291e+00 -1.3367e+00 +2.1056e+00 +1.0419e+00 +6.7157e-01 +6.9847e-01 -1.1489e+00 +8.1782e-01 +1.8992e+00 -2.0045e+00 -2.5629e+00 -2.3798e+00
240 0 +3.410534077e+01 -2.394659230e+00 -2.394659230e+00 -7.7782e-01 +1.5146e+00 -3.4502e+00 +1.3116e+00 +1.2912e+00 +1.5038e+00 +2.1781e+00 -9.9537e-01 +1.5730e-01 -2.2857e+00 -2.2837e+00 +1.2906e+00 -5.7409e-01 +7.3301e-01 +3.6776e+00 -3.9665e+00 +1.5684e+00 -5.0502e-01 -2.5128e+00 -2.4942e-01
299 0 +2.874927693e+01 -7.750723070e+00 -7.750723070e+00 +2.3942e+00 +2.6058e+00 +1.6512e+00 +2.1603e+00 +3.9695e+00 -2.3233e+00 -4.2205e-01 -1.5182e+00 -3.7182e-01 -1.1910e+00 +3.9898e-01 +7.7002e-02 +1.4009e+00 -1.1329e+00 -4.6796e-01 -1.1525e+00 -2.7109e+00 -2.3662e+00 +2.7660e-01 +1.9394e+00
448 0 +2.223205960e+01 -1.426794040e+01 -1.426794040e+01 -1.1503e+00 -1.2416e+00 -3.8062e-01 -7.1185e-01 +7.6515e-01 -1.1761e+00 -2.0416e+00 -2.2511e+00 +3.4325e-01 -1.9143e+00 +1.6298e+00 +3.9239e-01 +2.9770e+00 -9.2109e-01 -6.1277e-01 -3.7688e+00 -7.2938e-01 +1.2149e+00 -3.2457e-01 -2.3578e-01
1180 0 +1.298675887e+01 -2.351324113e+01 -2.351324113e+01 -1.6342e-02 +8.6048e-01 +2.7003e+00 -3.1904e-01 +1.1976e+00 -3.2908e-01 +1.5615e+00 -4.7634e-01 -1.5135e+00 +8.6391e-01 +7.8655e-01 +1.2779e+00 +3.3729e+00 -2.9736e+00 +1.6517e-01 -2.4518e+00 -1.3301e+00 -2.2125e+00 -3.3785e+00 +2.5542e+00
% f evaluations | g evaluations | best noise-free fitness - Fopt (1.728700000000e+02) + sum g_i+ | measured fitness | best measured fitness or single-digit g-values | x1 | x2...
1 0 +1.844233331e+01 +1.913123333e+02 +1.913123333e+02 +6.0992e-01 +1.6494e-01 -1.7579e+00 +4.6782e-01 -2.1709e+00 -1.4338e-01 -3.9497e-01 +2.2592e-01 -5.6031e-01 -4.2609e-01 -1.2599e+00 +1.9584e+00 +3.8741e-01 +1.2239e-01 +7.8432e-01 +9.4661e-01 +3.3708e-01 +1.2230e-01 +1.3236e+00 -7.7022e-01
6 0 +1.745288894e+01 +1.903228889e+02 +1.903228889e+02 +2.4156e-01 -6.1405e-01 -5.6177e-01 +1.2577e+00 -2.3942e-01 +1.1810e+00 +3.5893e-01 -5.2350e-01 -1.3235e+00 -8.4385e-01 -6.1615e-01 +1.9745e-01 +4.1425e-01 -7.5146e-01 +1.4234e-01 -1.3050e-01 +1.0863e-01 +1.4766e+00 -7.9057e-01 +8.2832e-01
12 0 +1.678762157e+01 +1.896576216e+02 +1.896576216e+02 +1.1519e+00 -3.0758e-02 -2.6933e-01 +4.0003e-01 +1.1761e+00 +1.8780e-01 +1.1282e-01 -1.2570e+00 -1.6476e+00 -8.7242e-01 -1.0769e+00 -1.1957e+00 -1.5681e+00 -5.1578e-01 +7.9536e-01 +1.3174e+00 +5.1703e-01 +5.8764e-01 +2.0137e+00 +8.1437e-01
663 0 +1.627939469e+01 +1.891493947e+02 +1.891493947e+02 +4.8617e+00 +8.9030e-01 +8.1212e-01 -6.4993e-01 +1.4631e+00 -3.2154e+00 -6.5199e-01 -6.5389e-01 -4.5280e+00 -8.7096e-01 -4.1999e+00 -8.9340e-01 -2.8116e-01 -1.1154e+00 -7.5677e-02 -2.9501e-01 -1.3618e+00 -9.5825e-01 +1.7035e+00 -5.4596e-01
689 0 +1.030414815e+01 +1.831741482e+02 +1.831741482e+02 +2.3749e+00 +1.1676e+00 +1.3345e+00 -1.2384e+00 -6.2258e-01 -3.0865e+00 +2.1376e-01 +1.1997e-01 -2.3442e+00 -8.5368e-01 +5.8505e-01 +2.3793e-01 +6.0883e-01 -3.5839e+00 +5.5790e-01 -1.5662e+00 +4.7904e-01 +8.2835e-01 +2.0725e+00 -2.1234e+00
% f evaluations | g evaluations | best noise-free fitness - Fopt (1.577200000000e+02) + sum g_i+ | measured fitness | best measured fitness or single-digit g-values | x1 | x2...
1 0 +5.529957405e+01 +2.130195740e+02 +2.130195740e+02 -1.8331e-01 +1.0138e+00 +1.9230e+00 +6.9840e-01 -2.5101e-01 -8.7464e-01 +8.9749e-01 -1.6006e+00 +1.5683e+00 -1.0587e+00 +8.3898e-01 -1.2791e+00 -2.6607e-01 -1.1493e+00 -1.7137e+00 -1.5012e-01 +2.2061e+00 -1.4942e+00 +9.1186e-02 -1.4762e+00
3 0 +4.246397334e+01 +2.001839733e+02 +2.001839733e+02 -1.7028e+00 +3.5690e-01 +2.1874e+00 +1.4010e+00 +3.9225e-01 +1.4237e+00 +3.1055e-01 -6.3602e-01 -9.7805e-01 -6.6789e-01 +3.3420e-02 +2.4554e+00 +5.2400e-01 +3.6548e-01 -1.6109e-01 -1.9307e+00 +5.2986e-01 -7.1840e-01 -2.2886e-01 -6.0160e-01
70 0 +3.633703920e+01 +1.940570392e+02 +1.940570392e+02 -1.4536e+00 -3.3702e+00 -5.8157e-01 -1.0263e+00 +2.2512e+00 +2.0715e-02 +2.2068e+00 -5.5226e-01 +2.4918e-01 +2.1556e+00 -9.8123e-01 -7.1859e-01 -2.0418e+00 -1.3702e+00 +8.1768e-01 +2.8136e+00 -2.6621e+00 +9.4864e-01 +1.1613e+00 -1.1373e+00
299 0 +2.726121306e+01 +1.849812131e+02 +1.849812131e+02 -1.2241e+00 -2.3284e+00 +1.5730e+00 +1.5471e+00 -1.6418e+00 -1.4554e+00 +8.9277e-01 -7.9999e-01 +1.9657e+00 +1.3230e+00 -2.2258e+00 -4.1987e+00 +4.3239e-01 +1.6126e+00 +3.7935e+00 +1.9237e+00 +3.7150e+00 +2.5240e+00 +7.4796e-01 -4.1386e+00
% f evaluations | g evaluations | best noise-free fitness - Fopt (2.819000000000e+01) + sum g_i+ | measured fitness | best measured fitness or single-digit g-values | x1 | x2...
1 0 +4.441698344e+01 +7.260698344e+01 +7.260698344e+01 +1.9453e-01 +1.1009e+00 +1.0927e+00 -2.9636e+00 +1.8841e+00 -6.7898e-01 +6.4715e-01 -1.3747e-01 -8.2069e-01 -7.1614e-01 -1.5139e+00 +7.6226e-01 +1.0704e+00 +1.8959e+00 -9.4107e-02 +1.0571e+00 -4.9986e-03 -8.5082e-01 -1.8038e+00 -1.1956e+00
3 0 +3.620426728e+01 +6.439426728e+01 +6.439426728e+01 +2.3026e-01 +1.1750e+00 -4.6927e-01 +3.3700e-01 -4.7734e-01 +6.5728e-01 +1.0824e+00 -3.5592e-01 +9.2476e-01 -3.3302e-01 -8.4250e-02 -1.0258e+00 -3.6879e-01 +3.8344e-01 +2.2195e-01 +9.7408e-01 -1.6097e+00 -2.2572e-01 +1.8869e+00 +6.5856e-02
7 0 +1.851874164e+01 +4.670874164e+01 +4.670874164e+01 +6.4021e-01 -5.2305e-01 +1.4228e+00 -2.3196e-02 +5.1559e-01 -9.2252e-01 -5.7310e-03 +7.4688e-01 +2.5384e-01 +1.1712e+00 -7.0196e-01 -1.4754e+00 +1.9340e+00 +4.0052e-01 +5.8931e-01 -3.0424e-01 +2.4906e-01 -1.1622e+00 +7.0376e-01 +1.3644e+00
154 0 +1.641497154e+01 +4.460497154e+01 +4.460497154e+01 +1.9675e+00 -4.1832e-01 +3.1184e-02 +1.8984e+00 +2.7073e+00 +4.9798e-01 +1.5322e-01 -3.4287e+00 -1.6115e+00 +6.8598e-01 -5.3778e-01 -1.3284e+00 +5.6698e-01 -5.1024e-01 +3.4208e+00 -7.9056e-01 -2.9726e+00 +2.1495e+00 -2.1287e-01 -2.1519e+00
% f evaluations | g evaluations | best noise-free fitness - Fopt (-9.925000000000e+01) + sum g_i+ | measured fitness | best measured fitness or single-digit g-values | x1 | x2...
1 0 +7.056170172e+01 -2.868829828e+01 -2.868829828e+01 -6.3341e-01 -2.1227e+00 +9.7262e-01 -2.7616e-01 -7.8007e-01 -5.8446e-01 +8.2963e-01 -1.9059e+00 +7.7788e-01 -1.4279e-01 +1.5103e+00 -1.8527e+00 +1.4524e+00 -9.9349e-01 -1.0882e+00 +9.6870e-01 -1.1832e+00 +6.5116e-01 +6.3258e-02 -2.0802e-01
4 0 +4.526562458e+01 -5.398437542e+01 -5.398437542e+01 +1.1566e+00 -1.7972e+00 -4.6386e-01 -1.1246e+00 -1.1012e+00 -3.3757e-01 +1.6664e+00 +6.2278e-01 +1.1841e+00 -2.7396e+00 -1.0807e+00 +4.4356e-01 -2.7912e-01 -8.4476e-01 -1.6983e-01 +1.0519e+00 +1.9281e+00 +7.9254e-01 +1.3279e-01 -1.1574e+00
9 0 +4.308517502e+01 -5.616482498e+01 -5.616482498e+01 +4.4299e-01 -6.9912e-01 +1.3324e+00 +1.1220e+00 +1.9770e+00 -4.2742e-01 -1.4820e+00 +1.1880e+00 -4.2544e-01 +6.0266e-01 +7.3756e-02 +5.0052e-01 -2.1088e+00 +2.2430e+00 -6.7471e-02 +1.3609e+00 +8.0106e-02 +1.8847e+00 -1.5739e-01 -6.3531e-01
78 0 +3.345212916e+01 -6.579787084e+01 -6.579787084e+01 +6.1344e-02 -4.8881e-01 +6.1663e-02 -7.3378e-01 +4.1514e+00 +1.2437e+00 -1.6390e+00 +2.2010e+00 +5.5845e-01 -3.1465e+00 +9.9757e-01 -1.7273e+00 +5.4578e-01 +8.0673e-01 +8.3790e-01 +2.8592e+00 -1.5436e+00 -1.7310e+00 +1.9787e+00 -2.8360e-01
79 0 +2.936833114e+01 -6.988166886e+01 -6.988166886e+01 -8.7882e-01 -9.6585e-01 -1.6171e-01 -3.2472e-01 +3.1427e+00 -6.2513e-01 -3.7973e-01 +4.4596e+00 -1.8398e+00 +1.6599e-01 -2.3493e-01 -1.9037e+00 -7.3658e-01 +4.0373e-01 +1.6262e+00 +2.2999e+00 -2.4347e+00 -2.0924e+00 +1.9587e+00 -4.4118e-01
1515 0 +2.334536313e+01 -7.590463687e+01 -7.590463687e+01 +1.0207e+00 -3.7046e+00 -1.3061e+00 +1.8957e+00 +3.1608e+00 +1.3993e+00 -1.4211e+00 +6.7840e-02 +8.9693e-03 -1.6964e+00 -1.6227e+00 -1.0937e+00 +2.5812e+00 +1.8785e+00 +2.0904e+00 +7.3603e-01 -8.3042e-02 +1.2707e+00 +6.7182e-01 -2.5496e-01
