% f evaluations | g evaluations | best noise-free fitness - Fopt (-5.494000000000e+01) + sum g_i+ | measured fitness | best measured fitness or single-digit g-values | x1 | x2...
1 0 +6.642118511e+06 +6.642063571e+06 +6.642063571e+06 -4.2483e-01 -1.6696e+00 -3.8491e-01 -8.9880e-01 +3.7441e-02 -5.9132e-01 -2.0318e-01 +3.2090e-01 +1.3321e+00 +3.9264e-01 +2.8801e+00 -1.1226e+00 +9.4873e-01 +3.3388e-02 -1.2462e+00 -1.3010e+00 +1.7716e-01 -1.0293e+00 +3.3061e-01 +1.0968e+00
3 0 +3.101534831e+06 +3.101479891e+06 +3.101479891e+06 +1.0157e-03 -1.0378e-01 +9.3043e-01 -1.0505e+00 -2.1506e-02 -9.1893e-02 -2.5107e-02 -5.5844e-01 +1.1980e-03 -2.7123e-01 -2.0003e+00 -8.9178e-01 +3.0049e-01 -5.6450e-01 -2.4845e-01 -1.4657e-01 +2.4980e-01 +1.6826e+00 +5.6603e-01 +2.7684e-01
5 0 +2.021913061e+06 +2.021858121e+06 +2.021858121e+06 -5.9470e-01 -7.1892e-01 +5.8936e-01 +1.6617e-02 +4.5983e-01 -1.3423e+00 -8.6606e-01 -8.1169e-02 -2.1176e+00 +1.1479e+00 -4.4113e-01 +1.6273e-01 -1.3629e+00 -1.7030e+00 -1.5885e-01 -4.1722e-02 -3.4145e-01 +4.6040e-01 +1.4428e+00 +7.6610e-01
68 0 +1.855830966e+06 +1.855776026e+06 +1.855776026e+06 -1.4202e-01 -5.9231e-01 +3.6583e-02 -1.6213e+00 +2.4119e+00 -1.5688e+00 +1.7878e+00 -7.0472e-01 +1.3092e+00 -1.3804e+00 +4.3958e+00 +1.8138e+00 -7.0933e-01 -3.1907e-01 -1.5325e+00 -1.1339e+00 +4.0116e+00 +4.8612e+00 +1.7913e+00 +1.6379e-01
204 0 +1.558314750e+06 +1.558259810e+06 +1.558259810e+06 +3.8352e+00 -2.3256e+00 -4.3238e+00 +4.0073e+00 +2.7988e+00 -1.1167e+00 -5.9045e-01 -3.1966e+00 -2.5234e+00 +3.9256e+00 -3.7202e-01 +4.0681e+00 +3.3388e+00 +1.4745e+00 +1.0008e+00 +2.2366e+00 -1.3224e+00 +2.0282e+00 +2.1611e+00 -1.9915e+00
297 0 +1.367483861e+06 +1.367428921e+06 +1.367428921e+06 -6.4137e-01 -4.8750e+00 -1.7657e+00 -2.2132e+00 +1.8052e+00 -2.4084e+00 +2.3362e+00 +2.0738e+00 +2.0510e+00 -1.9162e+00 +5.6318e-01 +2.4000e+00 +1.6915e+00 -1.4127e+00 +2.7068e-01 +1.2469e+00 -3.6571e+00 +7.1351e-01 -3.6880e+00 +6.1836e-01
822 0 +1.304363763e+06 +1.304308823e+06 +1.304308823e+06 -5.8628e-01 +9.1737e-01 -6.1374e-01 +2.1131e+00 +1.1589e+00 -2.8149e+00 +1.4425e+00 +2.6408e+00 -3.6060e+00 +2.4143e+00 -3.3730e-01 +4.8505e-01 -6.0268e-01 -4.1813e+00 -5.0065e-02 +3.9477e+00 +2.4524e+00 -5.2311e-01 -2.2552e+00 +1.6374e+00
1384 0 +6.046416273e+05 +6.045866873e+05 +6.045866873e+05 -3.7296e+00 -3.8594e+00 -2.4822e+00 -6.5211e-01 -3.2172e-01 -3.6938e+00 -8.7037e-01 +2.1717e+00 +1.5721e-01 -2.4027e-01 +2.4155e+00 -2.7340e+00 -1.4373e-01 -4.3714e+00 +3.0485e+00 -1.6991e+00 +1.0572e+00 +2.7805e+00 +4.0492e+00 +3.6876e+00
% f evaluations | g evaluations | best noise-free fitness - Fopt (5.913000000000e+01) + sum g_i+ | measured fitness | best measured fitness or single-digit g-values | x1 | x2...
1 0 +4.337015147e+06 +4.337074277e+06 +4.337074277e+06 +9.8610e-01 +2.4525e-01 +1.2869e+00 -1.6961e+00 -1.8899e-01 +8.4673e-01 -2.3202e+00 -1.5989e+00 -1.3013e+00 -9.5649e-01 -1.9161e-01 +4.5396e-01 -1.4886e+00 -4.0994e-01 +1.7266e+00 +8.5136e-01 +1.3817e+00 +4.4640e-01 +1.4800e-01 -1.4297e+00
2 0 +2.306678708e+06 +2.306737838e+06 +2.306737838e+06 -6.6362e-02 +3.7257e-01 +1.6635e-01 -4.1187e-01 +1.2852e+00 +3.9734e-01 -3.4996e-01 +1.0687e+00 +3.0383e-02 -4.0877e-01 -1.5520e-01 +1.1724e+00 +4.7980e-02 +9.8620e-01 -1.0966e-02 +1.5306e+00 +5.8610e-01 -4.4440e-01 -8.9585e-01 -4.9791e-01
47 0 +2.209154675e+06 +2.209213805e+06 +2.209213805e+06 +5.4537e-01 -1.4165e+00 +3.8769e-01 -2.9405e+00 +2.3740e-01 -2.4087e+00 +1.9070e+00 +3.9574e+00 -1.5417e+00 +1.0100e+00 +4.1243e+00 +2.4874e+00 +1.4499e+00 +1.7968e+00 +4.2236e+00 -3.1691e+00 +1.7050e+00 +2.5499e+00 +9.6249e-02 +4.2218e+00
66 0 +1.716113320e+06 +1.716172450e+06 +1.716172450e+06 -7.1437e-02 +2.9540e-01 +3.0817e+00 -7.2523e-01 -2.9348e-01 -2.0951e+00 +2.3042e+00 +3.3892e+00 +3.1810e-01 -1.0805e+00 +1.9418e+00 -1.2985e-01 -1.1615e+00 -1.6272e-01 +4.6031e-01 +2.2031e+00 +1.2860e+00 -1.3363e+00 +2.0618e+00 +7.4281e-01
241 0 +9.365658959e+05 +9.366250259e+05 +9.366250259e+05 -6.0285e-01 +2.5795e-01 -1.2770e+00 +1.5977e+00 +1.5284e+00 +8.9759e-01 +1.3870e-01 +1.9417e-01 -1.4083e+00 +3.1068e+00 +4.5778e+00 -2.3134e+00 +2.2364e+00 -1.5940e+00 +9.8079e-01 +1.4776e+00 +1.4728e+00 +1.6388e+00 -2.7567e-01 -9.1867e-01
528 0 +8.893731846e+05 +8.894323146e+05 +8.894323146e+05 +1.0897e-01 +7.2563e-01 +1.8222e-01 +1.7053e+00 +1.3178e+00 -2.0411e+00 +1.2167e+00 +2.6655e+00 -6.9248e-02 +9.1514e-01 +4.5307e+00 -2.1115e+00 +1.6523e+00 -3.5522e+00 +5.6420e-02 +2.8513e-01 -7.3356e-01 -1.6723e+00 +3.4123e+00 -1.6785e+00
1545 0 +5.778343869e+05 +5.778935169e+05 +5.778935169e+05 -1.7904e+00 -2.1540e+00 -2.0109e+00 +1.1170e+00 +5.2024e-01 +1.5426e+00 -3.4192e+00 +1.5244e+00 -2.2366e+00 -3.0134e+00 +1.4976e+00 -4.1476e+00 +5.3664e-01 -3.4126e+00 +1.0860e-02 +2.3715e-02 +2.8160e+00 -1.1242e+00 +1.4134e+00 +5.9970e-01
% f evaluations | g evaluations | best noise-free fitness - Fopt (-4.915300000000e+02) + sum g_i+ | measured fitness | best measured fitness or single-digit g-values | x1 | x2...
1 0 +5.487378141e+06 +5.486886611e+06 +5.486886611e+06 -3.0120e-01 +9.4072e-01 +7.0282e-01 -8.0121e-01 -1.3977e-03 +5.7692e-01 +7.7663e-01 +1.0291e+00 -6.0323e-01 -1.3475e+00 -1.6107e-01 +5.9051e-01 +1.4844e+00 +2.5341e+00 +9.3986e-01 +6.2054e-01 +2.2013e-02 +5.5339e-01 +8.4209e-01 +2.3564e-01
2 0 +2.216628449e+06 +2.216136919e+06 +2.216136919e+06 -2.0551e+00 +7.4073e-01 -1.9720e-01 +5.9546e-01 -1.1740e+00 -5.8952e-01 +1.8923e-01 -5.3183e-01 +1.2601e+00 +2.7697e+00 +1.3608e+00 -7.5500e-01 -1.2729e+00 -4.0773e-01 -1.5145e+00 +1.7207e-01 -2.5089e+00 -8.8129e-01 +6.6580e-01 +4.2005e-01
4 0 +1.786499071e+06 +1.786007541e+06 +1.786007541e+06 +8.8903e-01 +4.2336e-01 +1.2021e+00 +3.1548e-01 +6.2708e-01 -1.2171e-01 +2.8140e-01 -1.2618e+00 -1.8044e+00 -2.3345e-01 +8.7522e-02 +7.4247e-01 -8.6864e-01 +8.4098e-01 +1.4164e-01 -1.6815e+00 +4.5813e-01 -1.3162e+00 +1.5161e+00 -1.7094e-01
32 0 +5.063098746e+05 +5.058183446e+05 +5.058183446e+05 -3.0785e+00 -2.2421e+00 -3.6229e+00 +4.9966e+00 -1.5609e+00 -4.7993e+00 +2.2392e-01 +3.1792e+00 +1.3318e+00 -3.6359e+00 -1.7826e+00 -3.4927e+00 +2.4032e+00 +1.1358e+00 -8.1048e-01 -4.0919e+00 +2.0780e+00 +6.4850e-01 -1.0080e+00 +4.2271e+00
1821 0 +3.878584348e+05 +3.873669048e+05 +3.873669048e+05 -1.4449e+00 +6.6090e-01 -1.1442e+00 -2.8363e+00 +1.4545e+00 +5.4209e-01 -1.2277e-01 +2.7004e-01 -4.9149e+00 +1.7937e-01 +8.5324e-01 -1.2677e+00 -6.8272e-01 -4.1455e+00 -2.8280e+00 -5.3589e-01 -1.0580e+00 +2.8143e+00 -1.3336e+00 +1.1917e+00
% f evaluations | g evaluations | best noise-free fitness - Fopt (-1.702000000000e+02) + sum g_i+ | measured fitness | best measured fitness or single-digit g-values | x1 | x2...
1 0 +7.256995965e+06 +7.256825765e+06 +7.256825765e+06 +2.0982e+00 -1.2229e-01 +3.1429e-01 +2.7570e-01 +8.9933e-01 -7.8241e-01 +6.7674e-01 -2.0569e-01 +2.1432e-01 +5.9866e-01 +7.8835e-01 +4.4470e-01 -1.1229e+00 -1.2314e+00 -4.9145e-02 +8.6824e-03 -4.7276e-01 +7.6527e-01 -1.0065e+00 -7.2933e-01
11 0 +3.159837251e+06 +3.159667051e+06 +3.159667051e+06 +1.2189e+00 -1.2242e+00 +1.3093e+00 +7.2659e-01 +6.9199e-01 +3.1896e-01 -1.3537e+00 +2.2001e+00 -1.5523e+00 +2.1117e+00 +2.6804e-01 +6.6063e-01 -1.2344e+00 -9.4610e-01 -4.8346e-01 +9.4348e-01 -1.0383e-01 -9.7470e-01 -2.1776e+00 +9.9399e-01
108 0 +2.345774140e+06 +2.345603940e+06 +2.345603940e+06 -4.2790e+00 -1.3710e+00 -3.8426e+00 -3.5172e+00 +8.1316e-01 -1.7876e+00 +2.3679e-01 -2.7316e-01 +1.8969e+00 -2.3762e+00 -1.2054e+00 -1.9707e+00 -7.1486e-01 +1.5789e+00 +2.9368e+00 -7.2782e-01 -2.9872e+00 -1.1016e+00 -3.7461e+00 +3.0596e+00
330 0 +1.702241008e+06 +1.702070808e+06 +1.702070808e+06 -3.6720e+00 -2.5994e+00 +1.6196e-01 +2.5759e+00 +3.3457e+00 +1.8852e+00 -8.8419e-01 +2.0701e+00 +6.1821e-01 -1.6236e+00 -8.5276e-01 -2.7633e+00 -3.6432e+00 +1.2715e-01 -6.1951e-01 -4.5203e+00 -1.9111e+00 +1.9779e+00 -4.1551e+00 +2.4464e+00
333 0 +1.283452126e+06 +1.283281926e+06 +1.283281926e+06 -2.7361e-01 -1.9616e+00 +9.3683e-01 +3.5850e+00 +4.0804e+00 +9.7221e-01 -2.3016e+00 +1.7493e+00 -6.5254e-01 -9.5010e-02 +9.5438e-02 -2.0764e+00 -3.6843e+00 +1.0356e+00 +2.4767e-01 -3.6846e+00 -2.5506e+00 +1.0365e+00 -2.8174e+00 +2.0803e+00
1272 0 +8.917722423e+05 +8.916020423e+05 +8.916020423e+05 -1.1794e+00 -8.7113e-01 -1.6385e+00 +2.6820e+00 +4.3855e+00 -1.7724e-01 -6.0349e-01 +2.4001e+00 -2.8701e+00 -2.6949e+00 +3.1667e+00 -3.9348e-01 -1.8467e+00 -1.6277e+00 +2.2303e+00 -4.7910e+00 +2.9143e+00 -1.2291e+00 -1.2153e+00 -1.0608e+00
% f evaluations | g evaluations | best noise-free fitness - Fopt (-4.697500000000e+02) + sum g_i+ | measured fitness | best measured fitness or single-digit g-values | x1 | x2...
1 0 +8.257262363e+06 +8.256792613e+06 +8.256792613e+06 -1.9531e+00 +2.7391e-01 -7.6778e-01 +5.5741e-01 -1.0675e+00 +9.5383e-02 -8.3180e-02 +2.3149e-01 +6.6355e-01 +4.4866e-01 +4.5611e-01 -2.0948e-01 +1.4730e+00 +2.4369e-01 -1.5588e+00 +1.7528e-01 -8.7589e-01 -1.9460e+00 +6.3339e-01 -3.4361e-01
6 0 +7.531351964e+06 +7.530882214e+06 +7.530882214e+06 -1.4845e-01 +4.6888e-01 -2.2624e-02 -7.5604e-01 +6.5511e-01 -4.9639e-01 -8.4775e-01 -3.4241e-01 +3.7249e-01 +1.5437e+00 +3.3009e-01 -1.6193e+00 -2.6485e-01 -1.4327e+00 +2.1926e+00 +8.7548e-01 +3.0961e-01 +3.8980e-01 -6.5138e-01 -1.1229e+00
7 0 +7.401886746e+06 +7.401416996e+06 +7.401416996e+06 +6.4325e-01 -1.0610e+00 +2.2514e+00 -1.7723e+00 -2.1365e+00 +1.1214e+00 +5.9188e-01 +1.6190e+00 +3.0777e-01 +1.0010e+00 +4.5794e-01 +1.3339e+00 -2.8451e+00 -1.5024e+00 -5.9459e-02 +3.7459e-01 -1.9329e+00 -9.6735e-01 +1.0974e+00 -1.6109e+00
10 0 +5.866320517e+06 +5.865850767e+06 +5.865850767e+06 -1.4532e+00 +1.1816e-01 +1.7819e-01 +4.5168e-01 -1.2332e+00 +1.6955e+00 +1.3732e+00 -2.7344e-02 -5.5555e-01 +1.6966e+00 -2.1373e-01 +1.6326e+00 -9.7523e-01 -2.0698e+00 -9.6806e-01 -2.3581e-01 -5.8329e-01 +1.8914e+00 -9.7514e-01 +4.1600e-01
15 0 +5.637077596e+06 +5.636607846e+06 +5.636607846e+06 -4.0595e+00 +5.6492e-01 +2.0182e+00 -3.8359e+00 -3.0396e+00 +3.1138e-01 +2.7413e+00 -2.5986e+00 -1.0157e+00 +1.0695e+00 +1.1328e+00 -1.6771e+00 -9.0206e-01 +8.8967e-01 -4.4244e+00 +3.6466e+00 -2.3712e+00 +1.5209e+00 +1.4769e+00 -2.1974e+00
17 0 +4.200486848e+06 +4.200017098e+06 +4.200017098e+06 +3.8718e-01 +2.7587e+00 +3.1661e+00 -4.3522e+00 -3.8766e+00 -2.3150e-01 +1.1932e+00 -2.6660e+00 -6.6930e-02 +1.0721e-01 +8.0296e-02 -1.8007e+00 +2.3506e-01 +1.7314e+00 -3.4355e+00 +1.7413e+00 -1.8564e+00 +3.0533e+00 +7.0979e-01 +4.5445e-01
117 0 +2.553900288e+06 +2.553430538e+06 +2.553430538e+06 +6.2749e-01 +2.0341e+00 +2.6260e+00 +5.8894e-01 -7.9524e-01 +2.3825e+00 -2.1044e+00 +1.2910e+00 -1.4777e-01 -1.4982e+00 -3.7595e-01 +2.3071e-01 +3.6272e+00 -8.1334e-01 +1.7479e-01 -2.4399e-01 -2.3120e+00 +1.5071e+00 -1.9872e+00 -3.4743e+00
176 0 +2.430009886e+06 +2.429540136e+06 +2.429540136e+06 +7.5912e-02 +3.2616e-01 -7.3537e-01 +8.4044e-01 -2.5473e+00 +1.4335e+00 +3.8679e+00 -1.6444e+00 +2.6952e+00 +3.4972e+00 +4.8964e-01 -5.2658e-01 +3.3234e+00 -2.3416e+00 -2.1775e+00 +7.5568e-01 -2.5675e+00 -4.1520e-01 +6.8356e-01 -1.9422e+00
325 0 +2.377327276e+06 +2.376857526e+06 +2.376857526e+06 -3.1381e+00 +9.9433e-01 +2.0296e-01 -1.3851e+00 -1.5431e-01 +2.0084e+00 -1.9946e+00 +2.2465e+00 +2.1544e-01 +4.3349e+00 +1.2609e+00 +2.9877e+00 +2.4266e+00 -1.3471e+00 -1.7985e+00 -1.6425e+00 +1.2417e+00 +2.9764e+00 +2.3043e+00 +1.9906e+00
621 0 +1.290686201e+06 +1.290216451e+06 +1.290216451e+06 -1.8935e+00 -3.1594e+00 +3.9256e+00 +4.2980e-01 -1.4064e+00 -6.2667e-01 +2.7515e+00 +1.0794e+00 +8.6700e-01 -4.7130e-01 -2.9236e+00 +4.2822e+00 +4.6130e+00 -1.9751e-02 +1.3526e+00 +1.1249e+00 +2.5377e+00 -1.2769e+00 -3.4880e-01 +4.5453e-01
774 0 +1.015523279e+06 +1.015053529e+06 +1.015053529e+06 +2.9430e-01 +9.7322e-01 +2.5369e+00 +2.0535e+00 -3.6263e+00 +3.6290e+00 +1.2739e+00 -2.0443e+00 -9.0384e-01 +2.2290e+00 +1.7826e+00 +3.0226e+00 +1.4797e+00 -2.5950e+00 +1.0097e+00 +6.3967e-01 -1.4631e+00 +7.8615e-02 +6.1308e-01 -1.7815e+00
1554 0 +5.815630808e+05 +5.810933308e+05 +5.810933308e+05 -8.2167e-01 -2.1873e+00 +4.8334e+00 +9.2706e-01 +3.8429e+00 +3.9925e+00 +6.2815e-01 +2.4482e+00 +2.0309e+00 +1.7708e+00 -1.2294e+00 -2.4210e+00 +3.6877e+00 +3.8483e-01 -1.2388e+00 +7.8342e-01 -3.6400e+00 +2.4334e+00 +7.8407e-01 -1.2794e+00
% f evaluations | g evaluations | best noise-free fitness - Fopt (-5.191000000000e+01) + sum g_i+ | measured fitness | best measured fitness or single-digit g-values | x1 | x2...
1 0 +1.506205880e+07 +1.506200689e+07 +1.506200689e+07 +2.3919e-01 -1.1742e+00 -1.3184e+00 -1.0982e-01 -2.2620e-01 -8.9382e-01 +1.0158e-01 -2.9923e-01 +1.5394e-01 -9.8483e-01 +1.5812e+00 +4.4174e-01 +8.4767e-01 +3.4482e-01 -1.5466e+00 +1.3643e-01 +4.6417e-01 +1.5471e+00 -1.1758e+00 -4.6081e-01
2 0 +9.776389598e+06 +9.776337688e+06 +9.776337688e+06 +1.4493e+00 +2.3232e-01 -3.1314e-01 +1.8522e-01 +5.2330e-01 -5.3103e-01 +5.5048e-01 -2.4432e+00 -1.3795e+00 +1.3158e+00 -3.2543e+00 -5.6573e-01 +1.9337e+00 +2.6679e-01 -7.0574e-01 +1.1826e-01 -5.0437e-01 +2.3093e-01 -7.6509e-02 +1.1292e+00
5 0 +6.287081461e+06 +6.287029551e+06 +6.287029551e+06 -1.8747e+00 -2.8826e-01 -6.3694e-01 -4.6509e-01 +5.2204e-01 -1.5473e+00 -6.0787e-02 +1.0840e+00 +6.6659e-02 +2.3612e-01 -3.7991e-01 -1.9539e+00 +2.8775e-01 +3.8274e-01 +3.7930e-02 +4.6311e-02 -1.3703e+00 -2.6071e-01 +2.1481e+00 +6.1926e-01
78 0 +4.198239807e+06 +4.198187897e+06 +4.198187897e+06 -3.8311e-01 -3.1060e+00 -1.2400e+00 +2.5144e+00 -5.8864e-01 +7.6090e-01 +1.5334e+00 +1.0034e+00 -4.1913e-01 +9.8827e-01 +3.7239e-01 -4.1913e+00 -2.1846e+00 -2.1207e-01 -6.2471e-01 +3.6361e+00 +7.0766e-01 -2.6165e+00 +3.6572e+00 +1.2518e+00
224 0 +3.890050763e+06 +3.889998853e+06 +3.889998853e+06 +2.9482e-01 -1.6661e-01 +7.9647e-02 +2.5263e+00 -1.4199e+00 +2.4734e+00 -3.0974e+00 +4.1362e+00 -1.4264e-01 -3.5884e-01 +1.5709e+00 +1.0621e+00 -9.3763e-01 +2.2473e+00 -6.1496e-01 -4.6214e-01 +4.0769e+00 +1.7040e+00 +2.8162e+00 -1.8321e+00
254 0 +2.317324105e+06 +2.317272195e+06 +2.317272195e+06 -2.5377e+00 -2.8169e-01 +9.5681e-01 +3.1130e+00 +1.0654e+00 +1.8103e+00 -8.5253e-01 -5.8240e-01 -1.3332e+00 -2.7902e-01 -4.8535e-01 +1.4732e+00 -7.1219e-01 +2.5789e-02 -4.0827e+00 -1.5957e+00 +4.6603e+00 +4.7752e+00 +1.2479e+00 -1.7038e+00
255 0 +1.779910047e+06 +1.779858137e+06 +1.779858137e+06 -2.1041e+00 +3.4802e-01 -4.4151e-01 +3.7581e+00 +1.3426e+00 +1.5128e+00 -1.0713e-01 -1.7491e-01 +2.0082e+00 +5.1630e-01 -1.7152e+00 +3.7542e-02 -1.1554e-01 +4.0135e-02 -4.1555e+00 -3.2700e+00 +3.1398e+00 +2.6370e+00 +1.3659e+00 -3.6220e+00
340 0 +1.321690963e+06 +1.321639053e+06 +1.321639053e+06 -2.4046e+00 +4.2748e+00 +2.4248e+00 +2.0249e-02 -2.1827e+00 +3.4784e+00 -2.5420e+00 -9.0092e-01 +1.6457e+00 +2.5601e+00 +6.4876e-02 -5.7445e-01 +5.4015e-01 -1.5430e+00 -1.1227e+00 -7.1328e-01 +1.4586e+00 -2.9455e+00 +4.4637e+00 -1.6204e+00
% f evaluations | g evaluations | best noise-free fitness - Fopt (4.808000000000e+01) + sum g_i+ | measured fitness | best measured fitness or single-digit g-values | x1 | x2...
1 0 +2.373561596e+06 +2.373609676e+06 +2.373609676e+06 +1.5460e-01 -7.6886e-01 +1.8404e+00 +3.7440e-01 -1.0075e+00 +4.3233e-01 -5.9379e-01 +3.1938e-01 +2.3319e+00 -1.7580e+00 +4.1789e-01 -2.0775e+00 -1.6158e+00 -1.4955e+00 -1.0937e-01 +1.8714e+00 -1.3882e+00 +2.8425e-01 +4.8220e-02 -4.4825e-02
4 0 +8.440877344e+05 +8.441358144e+05 +8.441358144e+05 +2.8382e-01 -3.8099e-01 -3.3660e-01 -3.8578e-01 +1.3946e-04 +7.4330e-01 +1.8457e-01 +1.5098e+00 -6.5427e-01 +7.1354e-01 +1.0944e+00 +5.0451e-01 -9.4844e-01 +9.1226e-01 -1.0014e+00 -6.6725e-01 -3.9617e-01 -1.0151e+00 -9.9824e-01 +6.4262e-03
286 0 +7.787579680e+05 +7.788060480e+05 +7.788060480e+05 -1.6965e+00 +2.7282e+00 +5.0240e-02 -1.9872e+00 -1.6601e+00 +2.8894e-01 -1.9110e+00 +9.9508e-02 +1.8695e+00 -8.6194e-01 +3.7653e+00 +3.5984e+00 -1.2884e+00 +2.6901e+00 +3.9130e+00 +4.1097e+00 -2.0629e-01 -7.3752e-01 +2.8179e+00 -7.2941e-01
668 0 +6.892054413e+05 +6.892535213e+05 +6.892535213e+05 -3.5197e+00 +3.0077e+00 +1.3174e+00 -2.7419e+00 -1.7652e+00 +2.3629e+00 +1.6037e+00 +3.1926e+00 +4.0756e+00 +3.5359e+00 -2.2041e+00 -1.5504e+00 -9.3431e-01 +5.1439e-01 -3.8996e+00 +5.7978e-01 -9.0267e-01 -1.5366e+00 -2.6155e+00 -8.1398e-01
% f evaluations | g evaluations | best noise-free fitness - Fopt (3.058000000000e+01) + sum g_i+ | measured fitness | best measured fitness or single-digit g-values | x1 | x2...
1 0 +3.838517560e+07 +3.838520618e+07 +3.838520618e+07 +2.8677e-03 -2.7066e+00 -6.6813e-01 -5.1165e-01 -4.5725e-01 -4.4536e-01 +2.9009e-01 -4.4096e-01 +1.0411e+00 -1.0284e+00 -2.3854e-01 -1.4494e+00 +1.1811e+00 +1.1805e-01 -6.2065e-01 -1.9407e-01 +1.0748e-01 -1.4053e+00 -5.7300e-01 +1.2216e+00
2 0 +2.652410861e+07 +2.652413919e+07 +2.652413919e+07 -1.0898e+00 +1.4476e-01 +6.1438e-01 +5.1239e-01 -4.1726e-01 +8.1508e-01 -6.6027e-01 +2.0199e-01 +1.2956e+00 -1.0472e+00 -1.1552e+00 -9.4273e-01 +9.3894e-02 -1.1836e+00 -1.5882e+00 +1.0791e+00 -5.9274e-01 -2.5835e-01 +6.6397e-02 +1.4917e+00
6 0 +2.489032509e+07 +2.489035567e+07 +2.489035567e+07 -5.3467e-01 +9.2980e-01 -2.4683e-02 +8.3461e-02 -4.6180e-01 -1.4839e+00 -7.7819e-01 -9.8065e-02 +1.3521e+00 +7.6735e-01 +1.2972e+00 +1.2453e+00 +9.9525e-01 -8.4050e-01 -1.1202e+00 +1.4129e-01 +9.8174e-01 -1.3555e+00 -4.2267e-01 -1.0877e+00
7 0 +1.790607292e+07 +1.790610350e+07 +1.790610350e+07 -5.2099e-01 +2.4105e-01 +3.1502e-01 +1.2364e+00 +7.8878e-02 +1.1348e+00 +7.8539e-01 -1.6387e+00 +8.2396e-02 +1.5234e+00 -6.4019e-02 +1.4485e+00 -3.2602e-01 +1.3340e+00 -2.8192e-01 -3.3657e-01 -1.9324e+00 -6.2167e-01 -2.6753e-01 -2.7087e-01
31 0 +1.465485734e+07 +1.465488792e+07 +1.465488792e+07 +1.7116e+00 +4.1850e+00 -1.7304e+00 +3.0119e+00 +3.2539e+00 +5.6077e-01 -8.0906e-01 +2.0784e+00 +4.6870e+00 -3.9254e-03 +8.6299e-01 +2.2031e+00 -1.7553e-01 -1.6784e+00 +1.3716e+00 +1.0701e+00 +1.8956e+00 +1.7226e+00 -4.1592e-01 +3.3559e-02
32 0 +1.195793249e+07 +1.195796307e+07 +1.195796307e+07 +2.4888e+00 +3.5724e+00 +9.3853e-01 +3.9717e+00 +2.6405e+00 +1.6872e+00 -1.7561e+00 +1.0095e+00 +3.1783e+00 +1.2001e+00 +3.9371e+00 +1.7285e+00 -1.8019e+00 +6.8411e-01 +1.7106e+00 +8.0980e-01 -4.3454e-01 -1.2061e+00 +1.0366e+00 -6.2369e-02
34 0 +9.626798494e+06 +9.626829074e+06 +9.626829074e+06 +4.0061e-01 +4.4576e+00 -9.5335e-01 +2.6454e+00 +2.2835e+00 +9.1217e-01 -2.9805e+00 +1.9267e+00 +4.6813e+00 +3.6201e+00 +2.4599e+00 +4.9118e+00 -5.4679e-01 -9.5378e-01 +1.6944e+00 +1.8656e+00 -1.2376e+00 +1.2399e+00 -4.3418e-01 +7.6141e-01
36 0 +7.025549664e+06 +7.025580244e+06 +7.025580244e+06 +6.8110e-01 +4.8695e+00 +1.6031e+00 +1.7439e+00 +2.8005e+00 +1.4039e+00 -4.3929e+00 +2.3922e+00 +3.9597e+00 +3.9414e+00 +3.0152e-01 +3.1600e+00 -1.8879e+00 -1.2401e+00 +1.1049e+00 +1.0127e+00 -1.7970e+00 +1.7741e-01 +1.4994e+00 +7.1728e-01
67 0 +5.707335123e+06 +5.707365703e+06 +5.707365703e+06 -3.2299e+00 -2.4442e+00 -1.7158e+00 +4.1497e+00 -2.7611e+00 -2.4312e+00 -1.0021e+00 -3.3327e+00 +2.3245e+00 +2.6659e-01 -3.8456e+00 +1.6014e+00 +5.4164e-01 -1.7411e+00 +1.5687e+00 -1.0287e-01 -8.2856e-01 +1.1202e+00 +6.6424e-01 +2.6973e-01
1049 0 +4.137523635e+06 +4.137554215e+06 +4.137554215e+06 +1.0924e-01 -2.4212e+00 -3.3731e+00 +7.2219e-01 +8.9609e-01 -3.3320e+00 +3.9402e+00 -3.4310e+00 +2.3824e+00 +1.5986e+00 -2.0161e+00 -9.0666e-01 -4.5198e-01 -1.6253e+00 -1.9117e+00 -1.8813e+00 -1.7407e-01 -3.9220e+00 +1.7671e+00 -2.3487e+00
1858 0 +3.697132025e+06 +3.697162605e+06 +3.697162605e+06 +1.3611e+00 +2.0024e+00 -2.1992e+00 +6.3078e-01 +3.7063e-01 -3.3910e+00 -3.0877e+00 -2.0564e+00 +3.0028e+00 +1.6167e+00 +5.4333e-01 -2.7278e+00 -1.5589e-01 +1.3201e+00 -3.0628e+00 -2.1746e+00 -4.2631e-01 -4.9681e+00 +2.3183e+00 -3.2402e+00
% f evaluations | g evaluations | best noise-free fitness - Fopt (1.000000000000e+03) + sum g_i+ | measured fitness | best measured fitness or single-digit g-values | x1 | x2...
1 0 +1.194278562e+07 +1.194378562e+07 +1.194378562e+07 +7.0115e-01 -5.3539e-01 +1.2684e-01 +1.0655e-01 -2.0907e-01 -1.3696e-01 -4.6741e-01 -1.4967e+00 +1.1967e+00 -4.0177e-01 -8.9327e-01 +2.2987e+00 -2.8180e-01 -6.2606e-01 +1.2804e-01 +7.1800e-01 -6.8700e-01 +9.4083e-01 +3.1310e-01 +8.8628e-01
2 0 +3.324731164e+06 +3.325731164e+06 +3.325731164e+06 -1.6913e+00 -6.6745e-01 -5.1507e-01 +3.3544e-01 +1.1442e+00 -5.9093e-01 +1.5041e+00 +1.5720e+00 +1.2670e+00 +5.8059e-01 -4.1367e-01 -1.3841e+00 +4.5843e-01 -5.2160e-01 -2.3717e-01 -7.8901e-01 -1.2267e+00 -1.5585e+00 +9.8936e-02 +7.4700e-01
3 0 +2.766771429e+06 +2.767771429e+06 +2.767771429e+06 -3.2275e-01 +2.4156e-01 +1.0243e+00 +3.5411e-01 +1.2129e+00 -2.5502e-01 +7.2585e-01 +4.9869e-01 +1.5727e+00 -1.3462e-01 +1.1639e+00 -1.0253e+00 +3.1526e-01 +1.2268e+00 -3.6116e-01 +3.4202e-01 +7.8619e-01 -3.4177e-01 -9.2121e-01 +8.9921e-01
4 0 +2.496636615e+06 +2.497636615e+06 +2.497636615e+06 +4.0531e-01 +1.1258e-02 +1.0636e-01 +2.0752e+00 -2.5740e+00 -1.5095e+00 +2.8675e-01 -9.9050e-01 -2.0881e+00 +6.8453e-01 +1.1504e-01 +1.1527e+00 -1.0459e+00 +2.1974e+00 +8.1451e-01 -2.8834e-01 -6.7132e-01 -1.5215e+00 +1.1645e+00 -1.0177e+00
13 0 +1.903754937e+06 +1.904754937e+06 +1.904754937e+06 +1.7087e+00 -2.4545e+00 -1.4059e+00 -4.5568e+00 +6.0231e-02 -2.0352e+00 -2.2330e+00 -1.3456e+00 -1.8087e+00 -8.6883e-02 +1.4386e-02 -4.1801e+00 +1.5339e+00 +2.0244e+00 +1.0022e+00 +3.0237e+00 -3.3551e+00 -1.8261e+00 -6.5048e-01 -7.0453e-01
86 0 +1.142142659e+06 +1.143142659e+06 +1.143142659e+06 -2.3194e+00 -3.7576e-01 +3.3593e+00 +2.2289e-01 -8.9599e-01 -3.2411e+00 -1.7220e+00 -1.8030e+00 +1.1108e+00 -1.1830e+00 +1.4261e+00 +1.6249e-01 -4.0598e+00 -1.0887e+00 +5.6355e-01 -1.5533e+00 -5.2005e-01 -3.2892e+00 +1.7065e-01 +1.3678e+00
343 0 +4.368862669e+05 +4.378862669e+05 +4.378862669e+05 -1.0557e+00 -2.5291e-01 +3.0080e+00 -1.0069e+00 -3.3959e-01 -4.4100e+00 -2.1427e-02 +3.0606e-01 -2.8458e+00 -2.9874e+00 -5.1320e-02 -2.0134e+00 -2.7686e+00 -1.2789e+00 -1.3029e+00 +5.7275e-01 +2.2211e-01 -7.3994e-01 +2.7433e+00 -1.1051e+00
% f evaluations | g evaluations | best noise-free fitness - Fopt (-4.236000000000e+01) + sum g_i+ | measured fitness | best measured fitness or single-digit g-values | x1 | x2...
1 0 +1.160574849e+07 +1.160570613e+07 +1.160570613e+07 +3.3030e-01 +6.9896e-01 +2.3410e-01 -6.4703e-01 -1.8179e-02 +9.7717e-01 -1.5389e+00 -1.1046e+00 -9.4703e-01 -1.7953e+00 +1.1723e+00 +5.1026e-01 +5.4205e-01 -1.7266e+00 -1.1219e+00 +2.2443e-01 +1.0598e+00 -1.1283e+00 -9.3368e-01 -6.4013e-01
3 0 +9.803968650e+06 +9.803926290e+06 +9.803926290e+06 -1.3484e+00 +3.6927e-01 -4.4191e-01 -8.8405e-01 -1.5569e+00 +1.1250e-01 -5.5868e-01 -1.9315e-01 +1.3885e+00 +6.8624e-01 -3.5649e-01 -1.6401e+00 -1.7064e+00 -2.2177e-01 -6.4640e-01 +1.3084e+00 -7.3831e-01 +1.1733e-01 +5.7134e-01 -7.5649e-01
4 0 +7.377328697e+06 +7.377286337e+06 +7.377286337e+06 +1.5373e+00 -1.3235e+00 -1.0519e+00 -2.7466e-02 -7.5033e-01 +1.9166e-01 +5.4281e-01 +6.3809e-01 +3.8366e-01 +1.6079e+00 +1.2078e+00 +2.0479e+00 -4.6250e-01 -5.5902e-01 +1.5402e-01 -8.6179e-01 +1.6534e-02 +5.0817e-01 +1.7891e+00 +1.3867e-01
6 0 +6.056865129e+06 +6.056822769e+06 +6.056822769e+06 +1.2614e-01 -1.1065e+00 +3.7682e-01 +8.8377e-01 +1.1204e-01 +1.2581e+00 -1.4051e+00 +1.7058e+00 -1.4388e+00 -6.5220e-01 -5.1596e-01 +1.1575e+00 -3.2788e-01 -2.8212e+00 +6.6305e-01 +1.7302e+00 +1.2812e+00 -1.1017e+00 +4.1106e-01 -1.1583e+00
7 0 +5.750282917e+06 +5.750240557e+06 +5.750240557e+06 -1.0081e-01 -1.8029e+00 -2.1657e+00 -8.1446e-01 +9.2688e-01 +6.8436e-01 +3.5343e-01 +1.9557e-01 +5.7865e-02 -8.6046e-01 +7.0170e-01 +8.0332e-01 +5.7224e-01 -7.1201e-01 +1.0815e+00 -6.3836e-01 +1.7234e+00 -9.7945e-01 +3.1350e-01 -4.7806e-01
10 0 +4.762064830e+06 +4.762022470e+06 +4.762022470e+06 -7.1724e-02 -1.0043e+00 +1.4376e-01 -8.1460e-02 -1.2183e+00 +1.8547e-01 +1.9649e+00 -2.1272e+00 -5.6076e-01 -3.0882e-01 +3.8622e-01 -6.6481e-01 -2.4968e-01 +8.1054e-01 -4.7301e-01 +1.9648e+00 +6.4000e-02 -8.2283e-02 -2.7328e-02 +6.9804e-02
70 0 +3.732771898e+06 +3.732729538e+06 +3.732729538e+06 -2.1264e+00 +1.1108e-01 +2.2357e+00 -1.5060e+00 +7.3973e-01 +4.4759e-01 +3.2257e+00 +6.5756e-01 -9.3571e-01 +1.2454e+00 -5.8179e-01 -1.5500e+00 +1.2652e+00 -3.5251e+00 +3.8941e+00 +4.1819e-01 +2.2194e+00 -1.2171e+00 -8.3107e-01 -3.7809e+00
102 0 +3.121570177e+06 +3.121527817e+06 +3.121527817e+06 +1.7681e+00 -3.2238e+00 +2.0869e-01 -1.8465e-01 +1.9710e+00 -1.4355e-01 -1.0513e+00 +4.6202e+00 +1.8290e+00 -1.7284e+00 -5.1779e-01 +3.1375e+00 +2.8381e+00 +1.9923e+00 -6.0176e-01 +2.2727e+00 +1.9253e+00 -1.0076e+00 -4.3281e+00 -2.0276e+00
104 0 +2.241641612e+06 +2.241599252e+06 +2.241599252e+06 +2.2585e+00 -1.3997e+00 -5.4420e-01 +4.2452e-01 +1.5335e+00 -6.0233e-01 -1.1990e+00 +1.9922e+00 +8.8368e-01 -1.5314e+00 -4.0902e-01 +4.2210e+00 +4.3491e+00 +1.0607e-02 +5.9951e-01 +2.8029e+00 +1.8472e+00 -1.7073e+00 -3.7389e+00 -1.1904e+00
199 0 +1.822093541e+06 +1.822051181e+06 +1.822051181e+06 +2.0627e+00 -7.1370e-01 -1.2787e+00 +3.3020e+00 -2.7334e+00 -2.7393e+00 +2.3309e+00 -2.8101e-01 +3.1416e-01 +1.0826e+00 -4.0133e+00 +1.2559e+00 -3.1676e+00 -8.9861e-01 +2.7844e-01 +2.3942e+00 -1.9724e+00 -3.2248e-01 -4.9040e-02 +3.5611e+00
833 0 +1.727122826e+06 +1.727080466e+06 +1.727080466e+06 -3.5931e-02 -4.5090e+00 -2.6755e+00 +6.2409e-01 +2.7241e+00 -2.2771e-01 -6.9001e-01 -6.6456e-01 -1.2139e+00 +1.0344e-01 +6.0660e-02 +1.5244e+00 -1.3409e+00 +7.1014e-01 +1.1593e+00 +2.4222e+00 +1.8519e+00 -1.6607e+00 -4.2123e+00 +1.9751e+00
1002 0 +1.251123451e+06 +1.251081091e+06 +1.251081091e+06 +2.8200e-01 -6.8827e-01 +3.5150e+00 +1.9377e+00 +1.2336e+00 -2.0537e-01 +2.7968e+00 -4.0938e-01 +2.9933e+00 -1.5921e+00 -4.0929e+00 -1.2393e+00 -4.6771e-02 +2.3095e-01 +4.1097e+00 +3.5088e+00 -2.2571e+00 -6.6532e-01 +3.8674e-02 +1.9833e+00
1058 0 +8.172339835e+05 +8.171916235e+05 +8.171916235e+05 -3.6772e+00 +1.9811e+00 +5.3330e-01 -1.9528e+00 +2.0348e+00 -3.8189e-01 +4.7699e+00 -1.1328e+00 +1.6479e+00 +1.6372e+00 -5.6131e-01 +5.2758e-01 +1.7925e+00 -1.7190e+00 -2.3374e+00 +4.3666e+00 +2.7611e+00 -8.8368e-01 -7.8892e-01 +6.1076e-01
1602 0 +4.711472091e+05 +4.711048491e+05 +4.711048491e+05 -1.1214e+00 -2.6847e+00 -1.2577e+00 +3.5187e+00 -6.1102e-01 -3.9920e-01 +3.4788e+00 -3.1180e+00 +2.1426e+00 +1.8746e+00 +1.7441e+00 +1.6726e+00 -1.7172e+00 +3.8424e-01 +1.2002e+00 +3.9913e+00 -7.9794e-01 -2.9803e+00 +4.3397e-01 -1.9353e+00
% f evaluations | g evaluations | best noise-free fitness - Fopt (-7.187000000000e+01) + sum g_i+ | measured fitness | best measured fitness or single-digit g-values | x1 | x2...
1 0 +3.890913254e+06 +3.890841384e+06 +3.890841384e+06 +1.1157e+00 -6.8855e-01 -1.9892e+00 -2.8885e-01 +8.8788e-01 -7.0725e-03 +6.1811e-01 -3.4426e-01 -5.1122e-01 -8.7686e-01 +1.5350e-01 -5.9535e-02 +1.1039e+00 +1.3393e-01 -5.2225e-01 -4.7674e-01 -1.3809e+00 +6.0625e-01 -6.8293e-03 -1.7035e+00
4 0 +3.008854060e+06 +3.008782190e+06 +3.008782190e+06 +6.0867e-01 +1.1976e+00 -4.9091e-01 -4.1651e-01 +9.1902e-01 -3.8648e-02 -9.5429e-01 +6.8584e-01 -4.7227e-01 +2.3955e-02 -2.3292e-01 +1.1910e+00 -1.4969e-01 +7.0775e-02 +1.4858e+00 +2.7538e+00 -6.5308e-01 -2.7076e+00 -1.5261e+00 -7.0715e-01
6 0 +2.568039019e+06 +2.567967149e+06 +2.567967149e+06 -2.5356e-03 -3.5493e-01 +4.5431e-01 -1.1263e+00 +4.8636e-01 -1.4667e+00 -8.3796e-02 -1.3881e-01 +2.3501e-01 -6.5941e-01 +3.9976e-01 -1.1855e+00 +1.2812e+00 -4.0505e-01 -6.4289e-01 +1.2416e+00 +1.2654e-01 +1.8921e-01 +1.2766e+00 -3.1807e-01
36 0 +2.155849721e+06 +2.155777851e+06 +2.155777851e+06 +1.1472e+00 +3.3516e+00 -4.9202e-01 +2.9567e-01 +5.4424e-01 -3.2999e+00 -1.9946e+00 -2.1884e+00 +3.4399e+00 -1.4423e+00 -3.8499e+00 -6.7826e-01 -1.8279e+00 -2.5521e+00 +4.0838e-02 +5.0962e-01 +3.1334e+00 -3.2023e-01 -1.0437e+00 +8.7624e-01
132 0 +1.317075514e+06 +1.317003644e+06 +1.317003644e+06 -3.2897e+00 +3.5652e+00 +1.8079e+00 -1.0157e+00 +1.3233e+00 -1.6919e+00 +4.8397e+00 -4.3923e-01 +1.9535e+00 -2.2436e+00 -3.0097e+00 -5.0688e-01 +1.1417e+00 +4.4861e+00 -9.3768e-01 -1.2265e+00 +1.8732e-01 -6.0881e-01 +1.8517e+00 +2.0160e+00
1821 0 +1.169249859e+06 +1.169177989e+06 +1.169177989e+06 -2.7478e+00 -1.7760e+00 -2.6174e+00 +3.7435e-01 -1.0805e+00 +1.3010e+00 +2.8744e+00 -8.9118e-01 +1.0993e+00 +2.8337e+00 +1.2227e+00 -1.5456e+00 -2.2295e+00 -7.4968e-01 +7.1302e-01 +2.5375e+00 +3.9891e+00 +2.3332e+00 -2.6279e-01 +3.2893e+00
% f evaluations | g evaluations | best noise-free fitness - Fopt (-1.650000000000e+01) + sum g_i+ | measured fitness | best measured fitness or single-digit g-values | x1 | x2...
1 0 +3.754901164e+06 +3.754884664e+06 +3.754884664e+06 -1.3890e+00 -4.8633e-01 +3.5286e-01 +2.0274e-02 +8.2138e-02 +8.8603e-01 +1.6399e+00 +3.9989e-01 +5.4184e-01 -5.7950e-02 +1.0509e+00 +2.9120e-01 -7.0288e-02 +9.6321e-02 +5.4973e-01 -1.2663e-01 -7.8541e-01 -7.3432e-02 -1.1023e+00 +6.5548e-01
2 0 +3.398580087e+06 +3.398563587e+06 +3.398563587e+06 -3.5863e-01 -7.9692e-01 +1.2357e-02 +8.7140e-01 +1.6402e+00 -5.5637e-01 -8.4229e-01 +2.3291e-01 -3.6312e-01 -5.4721e-01 -2.2780e-01 +8.6863e-01 -1.2049e-01 +9.4698e-01 +4.5857e-01 -1.0212e+00 +1.3838e-01 -3.1947e-01 +9.2711e-02 -9.5218e-01
26 0 +1.055750062e+06 +1.055733562e+06 +1.055733562e+06 +7.3421e-01 -2.3271e+00 +2.7290e-01 +3.7296e-01 +2.9123e+00 -2.0211e+00 +2.3914e+00 +9.1135e-01 -2.3346e+00 -2.1530e+00 +4.3218e+00 +1.1616e+00 +7.3819e-01 -5.1548e-01 -1.1692e-01 -1.1566e-01 -3.3468e+00 -6.2311e-01 -1.7814e-01 -7.6057e-01
979 0 +7.643451831e+05 +7.643286831e+05 +7.643286831e+05 +5.3707e-01 +2.9628e+00 +1.7192e+00 -1.0956e+00 -5.4597e-01 -2.3277e+00 -2.5340e+00 +3.5142e-01 +1.0927e+00 -2.7152e-01 +4.1084e-01 -2.2773e+00 +6.2436e-01 +1.4473e+00 -1.6071e+00 -3.6732e+00 -1.9738e+00 +9.1890e-01 +2.6524e-01 +6.2027e-01
1657 0 +7.546329918e+05 +7.546164918e+05 +7.546164918e+05 -1.3493e-02 -6.3359e-01 +3.2361e+00 -2.5567e+00 +2.2069e+00 +1.9459e+00 -1.0615e+00 +2.0608e+00 -1.1053e+00 -1.3222e+00 +2.6666e+00 -9.1589e-02 -1.4522e+00 +2.5657e+00 +9.6608e-01 -4.2753e+00 +1.5988e-01 +7.5673e-01 -1.2130e+00 +5.5364e-01
% f evaluations | g evaluations | best noise-free fitness - Fopt (1.000000000000e+03) + sum g_i+ | measured fitness | best measured fitness or single-digit g-values | x1 | x2...
1 0 +1.128420375e+07 +1.128520375e+07 +1.128520375e+07 +1.1763e+00 +1.8101e+00 -6.2034e-01 +8.3133e-01 -1.4096e-01 +1.1991e+00 -1.5506e+00 -1.1639e+00 -1.5596e+00 +1.8619e-01 +4.4360e-01 -7.2620e-01 -7.6789e-02 -6.5071e-01 -1.5928e-01 -9.8436e-02 -2.9760e-01 -1.7209e+00 -4.8740e-01 +9.9008e-01
2 0 +1.033654141e+07 +1.033754141e+07 +1.033754141e+07 +8.8279e-01 -1.2919e+00 -1.8370e+00 +2.1997e-01 +2.1866e+00 +8.8181e-01 +2.0349e+00 +1.1444e+00 -2.1664e-01 -2.8038e+00 +2.1819e-01 +4.2756e-01 +6.8252e-02 -2.0245e+00 +7.1676e-01 +2.2845e+00 +1.5349e+00 +9.3015e-02 -3.4177e-01 -9.8447e-01
3 0 +8.472014565e+06 +8.473014565e+06 +8.473014565e+06 +9.4377e-01 +4.7767e-01 -1.0269e+00 +1.2756e+00 +6.7313e-01 +1.5610e+00 +7.5480e-01 +1.2213e+00 +9.0353e-01 -1.1874e+00 +8.4170e-01 -1.3070e+00 -5.6587e-01 -7.7827e-01 +1.4150e+00 +1.0260e+00 -3.9670e-01 +1.7942e+00 +7.2760e-01 +2.3225e+00
6 0 +3.949105075e+06 +3.950105075e+06 +3.950105075e+06 -6.7643e-01 -6.1075e-01 +1.0043e+00 +3.6242e-02 -8.2586e-01 -1.6064e+00 +1.2030e+00 -2.8440e-01 -5.4387e-01 -2.1791e-01 -5.3428e-01 -1.6425e-01 -1.7811e+00 +4.1474e-01 -1.6033e+00 +7.4983e-01 +1.9507e+00 -1.0948e-01 +1.9818e+00 -6.5589e-01
36 0 +3.216368621e+06 +3.217368621e+06 +3.217368621e+06 -5.3954e-01 +2.6998e+00 -6.7922e-01 +5.0059e-01 +2.3001e+00 +2.3655e+00 +1.7366e+00 -2.4007e+00 +7.3433e-01 -1.2074e+00 +9.9545e-01 +3.2147e-01 -6.2258e-01 +3.3780e-01 +1.4781e+00 +2.4696e+00 +6.3628e-01 -1.8405e+00 +4.9229e+00 +2.2295e+00
227 0 +2.233844823e+06 +2.234844823e+06 +2.234844823e+06 -2.4641e+00 -3.8988e+00 -3.4807e+00 -3.3887e-01 +8.2722e-01 +1.4167e+00 +2.6246e+00 +2.0459e+00 +1.5764e+00 +1.1699e+00 -2.5177e+00 +1.0320e+00 +9.7801e-01 -2.6739e-01 -1.8387e+00 -8.8313e-01 +1.5513e+00 -5.8120e-01 +1.3704e+00 +1.6775e+00
324 0 +1.486899774e+06 +1.487899774e+06 +1.487899774e+06 +3.4769e+00 -3.3076e+00 -1.1820e+00 -1.5529e+00 -1.0671e-01 +9.2332e-01 +3.1696e+00 +4.3768e-01 +1.6418e+00 -2.4381e+00 -2.1573e+00 -9.5614e-01 -1.6869e+00 -1.9825e+00 -3.4618e+00 -4.4963e+00 +1.1790e+00 +3.2368e-01 -2.3759e+00 +1.2903e+00
423 0 +1.164212551e+06 +1.165212551e+06 +1.165212551e+06 -5.3882e-01 -1.8224e+00 -1.8914e+00 +2.2068e+00 -1.7011e+00 +2.0707e+00 +8.3956e-01 -2.0962e+00 +1.9598e+00 +1.2774e+00 -2.1041e+00 +2.6256e-01 +5.9369e-01 +1.4589e+00 +8.1736e-01 -6.9009e-01 +6.6353e-01 +2.9875e+00 -9.3132e-01 -1.3425e+00
428 0 +1.131381834e+06 +1.132381834e+06 +1.132381834e+06 -1.0552e+00 -3.3749e+00 -4.2321e+00 +4.2531e+00 -4.7991e-01 +2.0203e+00 +1.2316e+00 -1.7998e+00 +9.5491e-01 -6.6278e-01 -2.3032e+00 +1.5794e+00 -5.3077e-01 +1.7314e+00 -1.6129e-01 -1.0844e+00 +2.2625e+00 +9.4490e-01 +1.6640e+00 -9.6045e-01
506 0 +9.854032893e+05 +9.864032893e+05 +9.864032893e+05 +9.3666e-01 -6.1771e-01 -1.0884e+00 +2.6555e-01 +1.9997e+00 -1.8100e+00 +5.4704e-01 -3.6479e+00 +1.4179e+00 -1.4975e+00 -2.1205e+00 -3.6912e+00 -3.2113e+00 +4.6947e-01 +8.0241e-01 -2.7444e+00 +2.4923e+00 -1.6783e+00 -2.0581e+00 +2.9731e+00
% f evaluations | g evaluations | best noise-free fitness - Fopt (-1.000000000000e+03) + sum g_i+ | measured fitness | best measured fitness or single-digit g-values | x1 | x2...
1 0 +7.293796880e+06 +7.292796880e+06 +7.292796880e+06 +1.8132e-01 -1.0377e+00 -7.8951e-01 +2.2158e-01 +4.1846e-01 +9.3365e-01 -6.6115e-02 +4.7489e-01 -2.0995e-01 -8.4396e-01 +1.0918e+00 +7.5753e-01 -4.3596e-01 +6.2590e-01 -4.1001e-01 +4.0007e-01 -9.0613e-01 +8.0187e-01 -4.3931e-01 -2.0932e+00
5 0 +5.732543377e+06 +5.731543377e+06 +5.731543377e+06 +8.2422e-01 +2.6982e-01 -8.2509e-02 +1.2177e+00 -5.1121e-01 -2.3170e-01 +9.8874e-01 +1.7807e+00 -9.3967e-01 -1.3346e+00 -3.5435e-01 -4.3721e-01 +4.6430e-01 -6.7544e-01 -7.9131e-02 +2.9726e-01 +2.7392e-01 +4.1338e-01 -2.4004e+00 +1.3096e+00
34 0 +4.331065630e+06 +4.330065630e+06 +4.330065630e+06 -2.7066e-01 +1.2119e+00 -3.4941e+00 -2.9206e+00 -2.3617e+00 +9.3550e-01 -3.2549e+00 -4.2102e+00 -4.6033e+00 -1.7565e+00 +2.0996e+00 +4.0519e+00 +4.2365e+00 -3.7193e-01 -3.6777e+00 -2.1133e+00 +1.9569e+00 +4.8330e-01 -2.9526e+00 +9.9558e-01
35 0 +3.200466308e+06 +3.199466308e+06 +3.199466308e+06 -1.6555e+00 +5.1454e-01 -1.8249e+00 -2.1745e+00 -2.4666e+00 +1.8893e+00 -2.4394e+00 -3.3975e+00 -2.9836e+00 -1.4956e+00 +1.3252e+00 +3.2077e+00 +1.5312e+00 +2.3549e-01 -3.7373e+00 -1.6148e+00 -5.8978e-02 +8.5149e-01 -1.3523e+00 +4.1648e+00
275 0 +2.508551767e+06 +2.507551767e+06 +2.507551767e+06 -2.3121e+00 -1.8527e+00 -3.5074e+00 -2.6524e+00 -4.8308e-01 -1.0079e+00 -2.8247e+00 +1.3233e+00 -3.2871e+00 +3.2677e+00 -2.2326e+00 -3.1150e+00 +2.6864e+00 +1.0412e+00 +3.3634e+00 -9.7636e-01 +1.5589e+00 +1.6974e+00 +1.2271e+00 +7.2937e-01
347 0 +1.664850225e+06 +1.663850225e+06 +1.663850225e+06 -2.1817e+00 -4.0459e+00 -2.9955e+00 -1.7705e+00 -2.2373e+00 -1.5872e-01 -5.9913e-01 +1.4544e+00 +1.6207e+00 -2.5756e-01 +2.5305e+00 -2.8713e+00 +3.1228e+00 -3.0690e-01 +2.9607e-01 -4.0442e-01 -2.1913e+00 +2.5608e+00 -9.6067e-02 +7.8119e-02
1154 0 +1.099881373e+06 +1.098881373e+06 +1.098881373e+06 -1.1207e+00 -1.4822e+00 -4.9788e-01 -2.1815e+00 +5.5212e-01 +2.2972e+00 -8.0513e-01 +4.6285e-01 -3.1688e+00 +1.8870e+00 +9.4796e-01 -2.5769e+00 +3.6773e+00 -2.6269e+00 +1.8695e+00 -1.4576e+00 -5.8488e-01 -6.4101e-01 -2.5047e+00 -2.5622e+00
1926 0 +1.075685091e+06 +1.074685091e+06 +1.074685091e+06 -4.9650e-01 -2.9810e+00 +9.2697e-01 -1.1420e+00 -4.0756e-01 -8.1745e-01 +1.8031e+00 -2.7400e+00 +5.2610e-01 -1.9391e+00 -1.7428e-02 -2.9232e+00 +2.7071e+00 -1.7504e+00 +9.2727e-01 +7.0315e-01 -2.7377e+00 +2.7270e+00 -3.7467e+00 -4.8601e+00
1929 0 +9.744907269e+05 +9.734907269e+05 +9.734907269e+05 +3.9360e-01 -2.3561e+00 -9.6827e-01 -1.4208e+00 -2.3479e+00 -2.5710e+00 +1.2782e+00 -1.9809e+00 +6.5972e-01 -1.9438e+00 -1.2349e+00 -1.4012e+00 +2.7695e+00 -2.2756e+00 -9.7961e-01 -3.3824e-01 -2.8883e+00 +3.1082e+00 -1.5125e+00 -3.0293e+00
1932 0 +6.956697360e+05 +6.946697360e+05 +6.946697360e+05 -6.6685e-01 -3.1658e+00 -2.3648e+00 -3.8045e-01 -3.3588e+00 -2.0748e+00 +1.6818e+00 -1.2318e+00 -1.3878e-01 -6.1516e-01 -2.9178e-02 -9.3406e-01 +2.5343e+00 -1.7334e+00 +5.4941e-01 +1.5300e+00 -3.3311e+00 +3.0782e+00 -2.4348e+00 -2.0751e+00
% f evaluations | g evaluations | best noise-free fitness - Fopt (-1.527400000000e+02) + sum g_i+ | measured fitness | best measured fitness or single-digit g-values | x1 | x2...
1 0 +3.884431175e+06 +3.884278435e+06 +3.884278435e+06 +2.2761e-01 +1.0022e+00 -8.4243e-01 +1.1455e+00 +3.3750e-01 -9.8218e-02 +2.1231e-01 -1.8472e-01 +9.0760e-01 -9.9625e-02 -1.0149e+00 -5.9933e-01 +4.4886e-01 -4.0525e-01 -5.9233e-01 +1.1979e-01 -1.1817e+00 +1.2647e+00 -3.7412e-01 -1.8241e+00
13 0 +3.381380845e+06 +3.381228105e+06 +3.381228105e+06 -9.2182e-01 -6.0769e-01 -8.8421e-01 -4.1925e+00 +2.1655e+00 -2.8257e+00 +1.1651e+00 -9.7305e-02 +1.4840e+00 -2.5399e+00 -1.4835e+00 -7.4298e-03 +2.5894e-02 -2.9654e-01 +8.6029e-01 -1.8890e+00 -3.4809e+00 +3.7287e+00 +1.9938e+00 +8.1307e-01
15 0 +3.043531740e+06 +3.043379000e+06 +3.043379000e+06 -1.5679e+00 -9.4289e-01 +2.7727e-01 -2.9778e+00 -8.0903e-01 -1.1484e+00 +1.2617e+00 -1.0301e+00 +2.0241e+00 -1.1842e+00 -3.3638e-01 -2.1022e+00 -9.4131e-02 +1.6333e-01 +3.7672e+00 -9.6715e-01 -4.2251e+00 +2.9215e+00 +1.6327e+00 +2.9594e-01
75 0 +2.091393835e+06 +2.091241095e+06 +2.091241095e+06 +6.3022e-01 -1.3675e+00 -1.3426e+00 -4.4509e+00 -1.1276e+00 -1.4150e+00 +5.2300e-02 +2.9920e+00 -3.5189e+00 +2.5482e+00 -1.3052e+00 +5.6481e-01 -7.3998e-01 -4.7343e+00 +1.3391e+00 +1.2537e+00 -9.4082e-01 +6.3096e-01 -1.9441e+00 +4.8829e-01
143 0 +6.732028239e+05 +6.730500839e+05 +6.730500839e+05 -1.1431e+00 +1.8864e+00 -1.2064e+00 -8.4171e-01 -7.8824e-01 -4.7788e-01 -3.2562e-01 +2.1450e+00 -3.0463e+00 -6.4682e-01 -2.0012e-01 +3.0520e-01 +1.4259e+00 -1.5054e+00 +1.3630e+00 -2.6328e+00 -2.0761e+00 +3.8373e+00 +1.9298e+00 +5.3070e-01
343 0 +5.526052102e+05 +5.524524702e+05 +5.524524702e+05 -2.7213e+00 +2.1610e+00 -1.7876e+00 -4.3721e-01 -7.7232e-01 -1.4664e+00 -1.9112e+00 -1.1267e+00 -1.0936e+00 -3.8742e-01 -9.4239e-01 -3.5132e+00 -2.8937e-01 +9.8715e-02 +2.4334e+00 +4.2114e-01 -7.7822e-01 -3.8519e-01 -2.9269e+00 -9.8303e-02
