% f evaluations | g evaluations | best noise-free fitness - Fopt (-9.210000000000e+00) + sum g_i+ | measured fitness | best measured fitness or single-digit g-values | x1 | x2...
1 0 +3.947003096e+02 +3.854903096e+02 +3.854903096e+02 -8.4833e-03 -9.0909e-02 -5.2301e-01 -1.9359e-01 -1.4628e-01 -3.2901e-01 -1.0080e+00 +2.9386e-01 +7.1426e-01 +1.0956e-01 -7.9844e-01 +8.0025e-01 -1.8126e+00 +8.8423e-01 +1.2559e-01 -4.7120e-01 -4.7185e-01 +5.4898e-01 -1.3800e-01 +5.2121e-01
4 0 +3.866041889e+02 +3.773941889e+02 +3.773941889e+02 +1.1864e+00 +1.1806e+00 +9.1604e-01 +5.1038e-01 +3.2453e-01 -9.4576e-01 +1.5634e+00 -5.7611e-01 +6.1093e-01 +2.2973e-01 -4.2532e-01 +5.3209e-01 -5.7191e-01 -1.4521e+00 -8.4176e-02 -9.7124e-02 +2.8113e-01 +2.7107e-01 -1.6864e+00 -2.3274e-01
7 0 +3.626084740e+02 +3.533984740e+02 +3.533984740e+02 +1.7619e+00 +1.1936e+00 +9.4904e-02 -2.3533e+00 +4.0166e-01 +9.4070e-01 +1.1322e+00 +9.0674e-01 -7.7390e-01 +9.0840e-01 -1.6709e+00 -1.1264e+00 +2.2044e+00 -1.4675e+00 +1.5614e+00 +1.2569e+00 +2.0110e+00 +1.2322e+00 -1.9129e+00 -5.3465e-02
22 0 +3.379509213e+02 +3.287409213e+02 +3.287409213e+02 +1.6933e+00 +1.8846e+00 +2.2227e+00 -8.5533e-01 -1.0954e+00 +2.2349e+00 +4.7930e+00 +1.7385e+00 +1.0306e+00 -1.7375e+00 -4.4110e+00 -1.1708e-01 +1.5732e+00 -1.4525e+00 -2.4214e+00 -9.9939e-01 +3.6058e+00 -3.8202e+00 -1.4284e+00 -1.3926e+00
24 0 +3.256902953e+02 +3.164802953e+02 +3.164802953e+02 +1.7757e+00 +1.0993e+00 +4.5007e+00 +1.3291e+00 -3.3412e+00 +2.2049e+00 +3.8955e+00 +1.6663e+00 +1.6661e+00 +2.5580e-01 -3.5465e+00 -9.0279e-01 -1.0089e+00 +1.5430e-01 -3.1251e+00 +1.1618e-03 +4.0996e+00 -2.3532e+00 -9.0429e-01 -8.9809e-01
25 0 +3.085979199e+02 +2.993879199e+02 +2.993879199e+02 +2.6446e+00 +6.4605e-01 +1.1011e+00 +3.3409e-01 -1.9528e+00 +2.6552e+00 +4.0362e+00 +2.7411e+00 +1.7993e+00 -4.0976e-01 -3.7784e+00 -2.2676e+00 -2.5757e-01 -8.5494e-03 -1.1426e+00 -2.9564e-01 +2.7561e+00 -4.6248e+00 -7.2346e-01 +3.9184e+00
149 0 +2.956484964e+02 +2.864384964e+02 +2.864384964e+02 -2.4219e-01 +3.1181e+00 +4.2992e+00 +9.7858e-01 +1.4720e+00 +3.0994e+00 +2.2295e+00 +1.4382e-02 +4.9095e+00 +3.0469e+00 -3.5950e+00 +3.0233e+00 +1.4547e-01 +3.5917e+00 -1.2414e+00 +2.6925e-01 -6.6246e-01 +4.1164e+00 -1.2853e+00 +1.8858e+00
678 0 +2.832361163e+02 +2.740261163e+02 +2.740261163e+02 +1.5819e-01 +2.4527e+00 +8.5283e-01 +9.2239e-01 +1.4087e+00 -1.8367e+00 -2.2342e+00 +4.8521e+00 -1.3100e-01 -3.4533e+00 -2.0684e+00 +1.1315e+00 -3.5951e-01 +6.5642e-01 -2.1144e+00 -4.5008e+00 +1.5341e+00 +1.7117e+00 +1.9780e-02 +3.2243e+00
860 0 +2.812915542e+02 +2.720815542e+02 +2.720815542e+02 +1.3053e+00 +1.7190e+00 +2.1934e+00 +1.1218e+00 -8.8555e-01 +3.5704e+00 +4.2174e+00 -3.7202e+00 -7.9373e-01 -1.3857e+00 -2.4669e+00 -1.4523e+00 +3.7616e+00 +5.8070e-01 -2.4646e+00 -5.0727e-01 +2.7614e+00 +9.7165e-01 -1.0499e+00 +1.4879e+00
861 0 +2.702373425e+02 +2.610273425e+02 +2.610273425e+02 +3.0455e+00 +1.2124e+00 +4.1408e-01 +2.3154e+00 -1.3665e+00 +3.3044e+00 +4.3364e+00 -1.9258e+00 +1.8260e+00 -2.2861e+00 -1.9550e+00 -7.4948e-01 +4.2756e+00 +2.5228e+00 -1.9178e+00 -1.0041e+00 +2.9500e+00 -1.2166e-01 -1.9802e+00 +2.7465e-01
862 0 +2.572324253e+02 +2.480224253e+02 +2.480224253e+02 +3.8052e+00 +1.7700e+00 +2.3349e+00 +1.2440e+00 -8.8336e-02 +3.1647e+00 +3.6485e+00 -4.2167e+00 +1.4744e+00 -2.9732e+00 -1.0153e+00 -1.3328e-01 +4.9278e+00 +2.6874e+00 -3.1103e+00 -2.7569e+00 -1.1779e+00 +1.8445e+00 -1.6334e+00 +2.2389e+00
% f evaluations | g evaluations | best noise-free fitness - Fopt (6.559900000000e+02) + sum g_i+ | measured fitness | best measured fitness or single-digit g-values | x1 | x2...
1 0 +3.735004352e+02 +1.029490435e+03 +1.029490435e+03 +2.0966e+00 -4.8254e-01 +6.0459e-01 -9.7255e-01 +1.6771e-01 -6.2475e-01 +4.7010e-01 -1.3782e+00 +1.2121e+00 -6.5949e-01 +8.8949e-02 +7.9487e-01 -1.2559e+00 -9.5099e-01 +5.5319e-01 -7.6117e-02 -1.2372e+00 -7.0289e-01 +1.8288e+00 -5.5438e-01
4 0 +3.624009277e+02 +1.018390928e+03 +1.018390928e+03 -2.3760e-01 -8.7181e-01 -1.9472e+00 +9.8869e-01 -7.6069e-02 +9.2616e-01 +9.5870e-03 +7.4778e-01 +1.8791e+00 +5.5558e-01 +1.5634e+00 +7.8570e-02 +2.5596e-01 +8.7425e-02 -4.0411e-01 +2.6768e-01 +5.1321e-01 -1.0422e+00 +1.4614e+00 +1.5455e+00
13 0 +3.509543795e+02 +1.006944380e+03 +1.006944380e+03 -1.0976e+00 -2.8062e+00 +1.0609e+00 -2.1819e+00 +3.0656e+00 -3.8121e-01 +4.7779e-01 +1.6418e+00 +2.0629e+00 +1.8303e+00 +9.8408e-01 -1.3585e+00 +1.7885e+00 -4.8492e+00 -2.6071e+00 +3.7857e+00 +2.1988e+00 +1.5877e+00 +3.8605e+00 +1.8271e+00
14 0 +3.099182257e+02 +9.659082257e+02 +9.659082257e+02 -2.0577e+00 -4.5616e-01 +1.6610e+00 -8.1485e-01 +2.5374e+00 -2.7069e+00 +1.9134e+00 +7.1728e-01 -1.4092e+00 +2.0668e+00 +1.2826e+00 -9.3939e-01 +1.6314e+00 -4.0532e+00 -4.6517e-01 +3.4399e+00 +1.5350e+00 -9.4706e-01 +4.0962e+00 +1.9054e+00
459 0 +2.970365387e+02 +9.530265387e+02 +9.530265387e+02 +2.6962e+00 +9.5481e-01 +1.1920e+00 +3.3010e-01 +8.2432e-02 +2.4779e+00 -3.5435e+00 -1.3923e-01 -2.8513e+00 -2.6468e+00 +1.5211e+00 +8.8969e-01 +2.3251e-01 -4.2435e+00 +3.1983e-01 +2.6823e+00 +3.5484e-01 -1.4684e+00 -7.4702e-01 +3.3247e+00
656 0 +2.729158640e+02 +9.289058640e+02 +9.289058640e+02 +3.1221e+00 +3.5998e+00 -1.7638e-01 +1.7427e-01 -2.2740e+00 +3.6895e+00 -4.1583e+00 +4.5865e+00 -6.6419e-01 -1.4221e+00 +2.9730e+00 +3.0699e+00 -7.9595e-01 -1.4608e+00 -7.1016e-02 +1.7734e+00 -1.1878e+00 -3.1228e+00 +3.3512e+00 +6.3257e-01
% f evaluations | g evaluations | best noise-free fitness - Fopt (6.671000000000e+01) + sum g_i+ | measured fitness | best measured fitness or single-digit g-values | x1 | x2...
1 0 +4.335511375e+02 +5.002611375e+02 +5.002611375e+02 -5.9898e-01 -2.9365e-01 -1.7936e-01 -7.3275e-01 +1.3277e+00 +1.1620e+00 +1.5796e+00 +6.8077e-01 -4.8324e-01 +4.2146e-01 +1.0750e+00 +9.4175e-01 +7.5040e-03 +6.7281e-02 -2.9333e-01 -1.8750e+00 +1.6407e+00 -5.9463e-01 -7.8619e-01 +7.2187e-01
2 0 +4.020445086e+02 +4.687545086e+02 +4.687545086e+02 -1.8115e-01 +1.9596e+00 +1.8353e+00 -3.4231e-03 +1.1176e+00 +1.2003e-02 -7.0931e-01 -5.2488e-02 -1.4745e-01 +8.7921e-02 -1.2111e+00 -1.7853e-01 +8.8584e-01 -1.7014e-01 -1.2562e-01 -3.2983e-02 -2.2792e-01 +4.7762e-01 -3.0008e-01 +4.8635e-01
3 0 +3.723354085e+02 +4.390454085e+02 +4.390454085e+02 -2.5004e+00 -3.4254e-01 -1.0045e-01 +1.1802e+00 +5.3971e-01 +8.8058e-01 +1.1454e+00 +5.0882e-01 +2.3096e+00 -2.1279e+00 +1.6558e+00 -9.0474e-03 +4.3954e-01 -1.5828e-01 -1.2326e-01 -3.2051e-01 +3.3244e-01 -1.9843e+00 +5.1571e-01 -1.0992e+00
5 0 +3.679264501e+02 +4.346364501e+02 +4.346364501e+02 -1.8909e+00 +1.3119e+00 +4.1996e-02 +1.7529e+00 -8.9687e-01 +7.9439e-01 -7.0971e-01 +1.5744e+00 -4.4514e-01 -5.8888e-01 -9.5762e-02 -9.2839e-01 -3.6839e-01 -8.4810e-01 +5.6946e-01 +1.6815e+00 -4.2900e-01 -6.7132e-01 -2.3988e-01 -5.1842e-01
8 0 +3.616739180e+02 +4.283839180e+02 +4.283839180e+02 +1.6973e+00 -1.2504e-01 +8.9344e-01 +1.5773e-01 +6.3845e-01 +1.9780e+00 +2.0817e+00 -1.1669e+00 -4.8565e-01 -1.3965e+00 +7.9121e-02 -1.9235e+00 -2.8537e-01 +3.8546e-01 +1.2633e+00 +1.6437e-02 +4.4436e-01 -3.5558e-01 -2.9822e+00 +4.5965e-01
27 0 +3.484084982e+02 +4.151184982e+02 +4.151184982e+02 -4.3514e+00 -3.1671e+00 +4.3871e-01 +1.7810e+00 -5.3904e-01 -1.2835e+00 -4.7007e+00 +1.5533e+00 +8.5727e-01 -1.5103e+00 -6.1606e-01 +2.5444e+00 -7.2603e-01 +4.7108e+00 +4.4279e-01 +3.8161e+00 -5.9920e-01 +1.5015e+00 -2.1344e+00 +1.9724e+00
28 0 +3.397788384e+02 +4.064888384e+02 +4.064888384e+02 -3.9014e+00 -2.2697e+00 +1.1828e+00 +3.3492e+00 +9.2553e-01 +7.1494e-01 -2.9549e+00 -2.8648e-01 -3.2941e-01 -6.8982e-01 -7.6030e-01 -8.9522e-01 +3.5015e-02 +4.1514e+00 -2.1232e-02 +9.5464e-01 -3.6235e+00 +1.8373e+00 -1.3595e+00 +1.2794e+00
30 0 +3.247665872e+02 +3.914765872e+02 +3.914765872e+02 -3.6892e+00 -2.8569e+00 +7.6106e-01 +3.7535e+00 -8.0140e-01 -2.3819e+00 -6.9893e-01 +2.4689e-01 +2.9298e-01 -2.6886e+00 -6.5339e-01 +6.7640e-01 +1.9574e-01 +4.0101e+00 -3.5969e-01 +3.3161e-01 -1.7923e+00 +1.7556e+00 -2.8155e+00 -1.3034e+00
34 0 +2.761022176e+02 +3.428122176e+02 +3.428122176e+02 -9.1887e-01 +3.1220e+00 -2.1992e+00 -2.0828e+00 -4.9008e+00 +1.4260e+00 -3.0497e+00 +1.6993e+00 +1.0047e+00 +2.7241e+00 -1.0059e+00 -1.4577e+00 +4.1262e-01 +3.7459e-01 +1.3115e+00 +7.4592e-01 -2.7889e+00 -4.2746e+00 -2.9954e+00 -1.4816e+00
221 0 +2.581942749e+02 +3.249042749e+02 +3.249042749e+02 -1.6576e+00 -8.7721e-01 +1.0868e+00 -1.4547e+00 +2.4802e+00 +4.4513e-01 -3.2002e+00 -9.8745e-01 +7.1538e-01 -3.9034e+00 +1.7852e+00 -1.7473e+00 +2.6443e+00 +1.4657e+00 -8.6499e-01 +4.1802e+00 -3.7952e+00 -2.7832e+00 -2.0730e+00 -1.6043e+00
222 0 +2.331494577e+02 +2.998594577e+02 +2.998594577e+02 -9.7878e-01 -2.2117e+00 +1.4002e+00 -1.8596e+00 +2.2163e+00 -1.3047e-01 -1.5859e+00 -1.8371e+00 +3.4497e+00 -3.0298e+00 -9.6279e-01 -2.4025e+00 +2.9778e+00 +4.2896e-01 +1.4906e-01 +2.1135e+00 -4.9626e+00 -3.9282e+00 -2.4975e+00 -1.6814e+00
% f evaluations | g evaluations | best noise-free fitness - Fopt (9.416700000000e+02) + sum g_i+ | measured fitness | best measured fitness or single-digit g-values | x1 | x2...
1 0 +3.953274423e+02 +1.336997442e+03 +1.336997442e+03 -2.6604e+00 -2.6902e+00 -4.1296e-01 -3.9541e-01 +6.3528e-01 +2.7330e-01 -4.8631e-01 -5.9984e-01 +3.4837e-01 -8.1991e-01 -2.7092e-01 +6.4593e-01 +1.1521e+00 -1.8582e-01 +5.3226e-01 +2.9349e+00 +1.7579e+00 -1.5663e+00 -6.0716e-01 +6.5205e-01
7 0 +3.579295032e+02 +1.299599503e+03 +1.299599503e+03 +1.3607e+00 -1.2028e+00 +3.4064e-01 -1.2089e-01 +6.7776e-01 +1.4573e+00 +8.5007e-01 -1.1739e-01 +1.0812e+00 +9.2426e-02 -1.7133e+00 -2.1948e-01 -1.3955e+00 -1.4075e+00 -6.1319e-01 +2.6371e-01 -1.5725e+00 +3.2943e-01 +1.4325e+00 +1.3096e+00
18 0 +3.430189901e+02 +1.284688990e+03 +1.284688990e+03 +1.0517e+00 +1.5440e+00 +3.6773e+00 -1.2916e+00 -1.4147e+00 +1.4210e+00 -2.9505e+00 -1.7760e-01 +3.7418e-01 +3.5264e+00 +1.4071e+00 -6.5247e-01 +3.3275e-01 -2.6049e+00 +3.7732e+00 -1.4592e-01 +2.4356e+00 +3.6488e+00 +2.6069e+00 -8.3791e-01
42 0 +3.198280549e+02 +1.261498055e+03 +1.261498055e+03 +7.2011e-01 -1.2457e+00 +3.2515e+00 +1.1306e+00 +1.1376e+00 +3.3403e+00 -4.0223e+00 -3.7916e+00 -3.4315e+00 -8.7808e-01 -1.9434e+00 +5.1948e-01 -2.8114e-01 -2.5154e+00 +4.0917e+00 -4.2502e-01 +1.5058e-01 -8.5491e-02 +2.4941e+00 +2.1335e+00
45 0 +3.144190746e+02 +1.256089075e+03 +1.256089075e+03 +3.5794e+00 -3.5900e+00 +2.8196e+00 +1.0345e+00 +2.3384e-01 +3.5338e+00 -2.8538e+00 +3.7293e-01 -4.8692e+00 -4.7711e-01 -4.5861e+00 +1.2237e+00 -3.5930e+00 -1.2437e+00 +4.1548e+00 -9.2990e-01 +9.6064e-01 +1.6857e+00 +2.6100e+00 +3.5307e+00
47 0 +2.972752081e+02 +1.238945208e+03 +1.238945208e+03 +2.3708e+00 -4.6031e+00 +2.9133e+00 +1.0344e-01 +1.5850e+00 +3.0906e+00 -4.5023e+00 -3.0998e+00 -4.3075e+00 -6.9024e-01 -3.4827e+00 +5.2796e-01 -2.0786e+00 -1.7597e+00 +2.5573e+00 -1.2775e+00 +1.6906e+00 +2.7920e+00 +4.7298e+00 +3.0454e+00
323 0 +2.912829751e+02 +1.232952975e+03 +1.232952975e+03 -1.8164e+00 +1.9596e+00 -6.5748e-01 -1.5444e+00 +1.2890e+00 -2.0059e+00 +1.2915e-01 +2.1219e-02 +4.2592e+00 +3.2505e+00 +8.6373e-02 +6.6626e-01 +2.8451e-02 +2.4940e+00 -4.4207e-01 +3.5605e+00 -5.6025e-01 +2.8991e+00 +3.9823e+00 +3.6544e+00
365 0 +2.761472503e+02 +1.217817250e+03 +1.217817250e+03 -3.6802e-01 -3.8266e+00 -4.8468e-01 -5.9969e-01 +7.3924e-01 +1.9947e-01 +2.3472e+00 -1.3626e+00 -8.3956e-01 -4.8680e+00 +5.2989e-01 +4.5411e+00 -3.8799e+00 -2.4383e+00 -3.3337e+00 +2.5200e+00 -4.8539e-01 +3.7860e+00 +4.5385e+00 -7.1346e-01
1185 0 +2.721338349e+02 +1.213803835e+03 +1.213803835e+03 +6.1502e-02 -1.5187e+00 +2.7565e+00 +1.8255e+00 -5.9328e-01 -6.2976e-01 -9.1124e-01 -4.4795e-01 +2.2598e+00 +6.1980e-02 +8.2322e-01 +1.0286e+00 -2.7476e+00 -3.5875e+00 -2.3931e+00 -1.9863e+00 -1.1453e+00 +2.2139e+00 +4.4500e+00 +3.3291e+00
1430 0 +2.387528936e+02 +1.180422894e+03 +1.180422894e+03 +1.6694e+00 -2.1816e+00 +4.4314e+00 -2.6573e+00 +4.4908e-01 -1.0979e+00 -1.9807e-01 -4.7253e+00 -2.0486e-01 -1.7097e+00 -1.6929e+00 +3.0602e+00 +2.4030e-01 -4.5877e+00 +9.8509e-01 +2.9426e+00 -3.0758e+00 +2.8756e+00 +2.4124e+00 +2.4750e+00
% f evaluations | g evaluations | best noise-free fitness - Fopt (-3.745000000000e+01) + sum g_i+ | measured fitness | best measured fitness or single-digit g-values | x1 | x2...
1 0 +3.957858100e+02 +3.583358100e+02 +3.583358100e+02 +3.5582e-01 -1.1648e+00 -8.1719e-01 +1.2389e+00 +4.4340e-02 +1.8156e+00 +1.9827e-01 +1.6383e-01 +2.0151e+00 +1.5171e+00 +1.8467e+00 -5.0882e-01 +6.2362e-01 -1.0050e+00 -2.2533e+00 -6.9061e-01 +5.9301e-01 +1.2528e+00 +1.3239e-01 +2.6368e-01
3 0 +3.691965505e+02 +3.317465505e+02 +3.317465505e+02 +2.2629e-01 +6.1528e-01 +9.2686e-01 +8.1303e-01 -2.9884e-01 -8.7907e-01 +9.5861e-02 +1.0306e-01 +1.7695e+00 -2.8218e-01 -8.4289e-01 +3.6558e-01 +2.3721e-01 -5.4826e-01 +2.2554e-01 -6.6395e-01 +8.7500e-01 +1.8792e-01 +8.7882e-01 -2.5983e+00
16 0 +3.616540145e+02 +3.242040145e+02 +3.242040145e+02 -3.9072e+00 +4.0790e+00 -1.8405e+00 +1.5196e+00 +6.1726e-01 -7.9650e-01 -1.1630e+00 +1.5633e+00 +4.7997e-01 +1.8027e+00 +1.7205e-01 +4.7423e-01 -1.3787e+00 +4.1025e+00 +3.9619e+00 -2.8503e+00 -2.5018e+00 -8.4566e-01 +4.0855e+00 -3.8831e-01
28 0 +2.878860501e+02 +2.504360501e+02 +2.504360501e+02 -6.4920e-01 +1.9122e+00 +5.2991e-01 -2.9347e+00 +2.4632e+00 -2.7140e+00 +2.8406e+00 +3.2261e+00 -2.1452e+00 -1.8528e+00 +8.8596e-01 +1.9247e+00 -1.8478e+00 +1.4865e+00 +1.5612e+00 -1.1236e+00 -4.7351e+00 +3.0491e+00 +4.6618e+00 -1.6042e+00
215 0 +2.813247750e+02 +2.438747750e+02 +2.438747750e+02 +3.1482e-01 -1.1104e+00 +3.8296e-01 -1.3823e+00 -1.9329e-01 +1.0161e+00 +2.3350e+00 -1.8107e+00 -3.5065e+00 +3.4636e+00 +1.5473e+00 +4.2205e-02 -2.3922e+00 +2.0707e+00 +3.5687e+00 +3.0777e+00 +4.5922e+00 +3.6891e+00 +3.0031e+00 -3.6467e+00
263 0 +2.508597939e+02 +2.134097939e+02 +2.134097939e+02 +2.7750e+00 -1.4675e+00 -3.8279e-02 +3.4167e+00 -2.0713e+00 +6.8313e-01 +1.2816e+00 +6.2683e-01 +1.9907e-01 +1.9825e+00 -1.9812e+00 -2.7102e+00 -3.8073e+00 -4.4682e+00 +4.1379e+00 +3.4140e+00 -3.8744e+00 +1.0675e+00 +1.1492e+00 -2.9982e+00
% f evaluations | g evaluations | best noise-free fitness - Fopt (-6.639000000000e+01) + sum g_i+ | measured fitness | best measured fitness or single-digit g-values | x1 | x2...
1 0 +3.932007832e+02 +3.268107832e+02 +3.268107832e+02 +9.9996e-01 -6.5412e-01 +5.4355e-01 -9.7617e-01 +1.2689e+00 -6.6321e-01 -2.8326e-01 +9.8957e-01 +1.8937e+00 -1.0904e+00 +4.4213e-01 +4.9938e-01 +7.4821e-01 +1.7063e+00 +6.9625e-01 -5.5624e-01 +1.0621e+00 +6.0072e-01 +1.5382e+00 -1.6766e-01
2 0 +3.732570771e+02 +3.068670771e+02 +3.068670771e+02 +1.1317e+00 +1.1679e+00 -2.2673e-02 +1.0410e+00 -7.4832e-01 +2.9074e-01 +5.3167e-01 +2.0739e-01 -2.4455e-01 +2.5825e-01 -6.3072e-01 -4.0350e-01 +2.3038e-01 +3.0210e-01 +9.2741e-01 +2.1046e+00 +1.0244e+00 +4.1984e-01 -3.5675e-01 -2.1704e+00
13 0 +3.698588714e+02 +3.034688714e+02 +3.034688714e+02 +2.1103e+00 +2.0340e+00 +1.8331e+00 -1.9279e+00 -1.2909e+00 +2.0910e+00 -3.1969e+00 -1.8678e+00 +3.6942e+00 +2.6331e+00 -2.2975e+00 -3.5703e+00 +3.7799e+00 -1.1957e+00 +2.8896e+00 +1.0263e+00 +2.8787e+00 +1.5223e-01 -7.4751e-01 +8.6480e-01
15 0 +3.576757552e+02 +2.912857552e+02 +2.912857552e+02 +1.3636e+00 -4.2333e-01 +2.1147e+00 -1.5186e+00 -1.4992e+00 +1.6218e+00 -2.9363e+00 -1.2489e+00 +3.2634e+00 -2.6053e-01 -1.9612e+00 -3.2352e+00 +4.5666e+00 -1.3206e+00 +2.8444e+00 +7.4411e-01 +1.7363e+00 +2.3822e+00 +2.5516e-01 +3.7407e-01
18 0 +3.326065465e+02 +2.662165465e+02 +2.662165465e+02 +2.0176e+00 +9.1074e-01 +3.4779e+00 -1.3405e+00 -1.4538e+00 -6.7203e-02 -7.5766e-01 -1.1870e+00 +3.2940e+00 +1.2269e+00 -4.2175e-02 -4.6427e+00 +4.1681e+00 +2.8392e-01 +2.1549e-01 +3.6850e-01 +3.1903e+00 +2.5732e-01 -2.3414e+00 +1.2918e+00
23 0 +2.866016965e+02 +2.202116965e+02 +2.202116965e+02 -1.5947e+00 +1.5558e+00 -2.1366e+00 -2.2581e+00 -2.7503e+00 +7.3588e-01 -1.9176e+00 +7.1365e-02 -1.5839e-01 -2.4512e+00 -3.1098e+00 +5.5484e-01 +1.0913e+00 -1.7335e-01 -3.5702e+00 -2.9643e+00 +3.7563e+00 +3.0225e+00 +1.5443e+00 -1.5227e+00
24 0 +2.807521621e+02 +2.143621621e+02 +2.143621621e+02 -3.0045e+00 +2.7039e+00 -2.8406e+00 -2.3186e+00 -3.2052e+00 +3.4769e-01 -2.7335e+00 +1.0638e+00 -1.2095e+00 -1.7787e+00 -3.9842e+00 +1.6777e+00 -4.6254e-01 +1.6072e+00 -2.2182e+00 -3.0316e+00 +3.2446e+00 +3.2376e+00 +9.3365e-02 -2.1658e+00
129 0 +2.613177634e+02 +1.949277634e+02 +1.949277634e+02 -6.2968e-01 -1.7633e-02 -2.6046e+00 +2.6243e+00 -4.4964e+00 +3.1280e+00 -1.8092e+00 +2.2100e+00 -1.3827e+00 -1.2566e+00 -8.1727e-01 +5.8313e-01 +5.1177e-01 +3.0812e+00 +1.3272e+00 -3.9984e+00 +2.0145e+00 +2.3971e+00 -3.5129e+00 -2.7095e+00
1445 0 +2.250839529e+02 +1.586939529e+02 +1.586939529e+02 +1.1860e+00 +1.9174e+00 +4.9208e-01 +1.1762e+00 +1.3897e+00 +1.3740e+00 -3.4163e+00 -2.1807e+00 +7.6103e-01 -3.2161e+00 -1.9089e+00 -1.3640e+00 +2.3791e+00 -2.0941e-01 -6.5213e-01 -3.3641e+00 +2.1999e+00 +4.7225e+00 -2.7449e+00 -4.0577e+00
% f evaluations | g evaluations | best noise-free fitness - Fopt (-2.260100000000e+02) + sum g_i+ | measured fitness | best measured fitness or single-digit g-values | x1 | x2...
1 0 +4.129805691e+02 +1.869705691e+02 +1.869705691e+02 +2.5703e-01 -6.8997e-01 -4.8772e-01 -1.1945e+00 -3.3267e-01 -5.7187e-01 -1.2926e+00 +1.6839e+00 -3.7974e-01 -1.5808e+00 +5.9628e-01 -1.6102e+00 +3.4170e-01 -1.5795e+00 +4.7781e-01 +6.4705e-01 -1.2240e+00 -1.1919e+00 +3.8186e-01 -1.7131e-02
3 0 +3.727899817e+02 +1.467799817e+02 +1.467799817e+02 +1.7695e+00 +5.2435e-01 -1.0499e+00 -6.4945e-01 -2.0032e+00 +1.3239e+00 -3.5832e-01 +1.1507e+00 +3.4293e-01 -8.8587e-01 +5.6888e-01 +1.6230e+00 +2.3941e-01 +6.2744e-01 -1.0530e+00 -3.2303e-01 +3.7097e-02 +3.0501e-01 +1.2372e+00 +3.0310e-01
22 0 +3.620546133e+02 +1.360446133e+02 +1.360446133e+02 -5.8717e-01 -1.5638e-01 -3.8601e+00 -4.1731e-01 -1.3368e+00 -1.4618e+00 -1.8683e+00 -2.3275e+00 -1.2159e+00 -1.1901e+00 -9.3308e-01 -1.8706e-01 -2.5809e+00 -4.0632e-01 -4.1885e-01 -3.6198e+00 +3.1227e+00 -6.8507e-01 +2.6359e+00 -3.2208e+00
28 0 +2.838688943e+02 +5.785889431e+01 +5.785889431e+01 +4.6533e+00 -1.6924e+00 +8.0516e-01 -1.3577e+00 +2.1960e+00 -1.3418e+00 -7.0172e-01 -1.9123e+00 +7.8949e-02 -3.4154e+00 -5.3327e-01 -1.6798e+00 -1.5563e+00 +3.4980e+00 +5.9762e-01 -1.4987e+00 +4.3569e+00 +4.1373e+00 +3.8601e-01 +1.6352e+00
932 0 +2.648254946e+02 +3.881549455e+01 +3.881549455e+01 +2.6255e-01 +9.8070e-01 -6.5648e-01 +1.0879e+00 -3.9280e+00 -2.4882e+00 -1.2958e+00 +2.4068e+00 +3.0817e-01 -2.9504e-01 +1.0076e+00 -4.0300e+00 +1.3394e+00 -5.3793e-01 +1.9510e+00 -3.3973e+00 +4.8666e+00 +4.0680e+00 +3.9616e-01 +2.2066e+00
% f evaluations | g evaluations | best noise-free fitness - Fopt (1.000000000000e+03) + sum g_i+ | measured fitness | best measured fitness or single-digit g-values | x1 | x2...
1 0 +3.964433061e+02 +1.396443306e+03 +1.396443306e+03 +1.1363e+00 -4.9883e-01 -1.4213e+00 +4.8458e-01 -3.5779e-01 +2.6369e+00 +6.2040e-01 +6.0555e-01 +2.0491e-01 +2.2536e+00 -4.9801e-01 +1.4878e-01 +7.0467e-01 -1.2839e+00 +6.7327e-01 +2.2806e-01 -1.4998e+00 -2.2083e-01 -7.4429e-01 +1.2684e-02
3 0 +3.800019242e+02 +1.380001924e+03 +1.380001924e+03 +1.2344e+00 -9.1066e-01 +1.3661e+00 +2.3529e-01 -3.6752e-01 -1.6739e-01 -6.1943e-01 -9.3645e-03 +6.3468e-01 +1.8243e+00 -6.1307e-01 +1.3670e-01 +9.6005e-01 +2.1804e-01 +2.5648e+00 -8.7628e-01 +3.5119e-01 -5.0598e-01 -1.0176e-01 +1.4090e+00
10 0 +3.573321248e+02 +1.357332125e+03 +1.357332125e+03 +9.4357e-01 -1.5395e+00 +1.2407e+00 +4.0154e-01 -5.7300e-01 -2.8556e-01 -6.4685e-01 +7.2259e-01 +1.1922e+00 +8.7043e-01 +3.6212e+00 +1.3086e+00 -5.2987e-01 -1.1783e+00 +1.9591e+00 -8.2328e-01 -1.9628e+00 +2.5001e+00 +3.9844e-01 +2.1749e-01
24 0 +3.057221572e+02 +1.305722157e+03 +1.305722157e+03 +9.7765e-01 -1.7315e+00 -8.5707e-01 +2.4981e+00 +1.2466e+00 -1.1986e+00 -9.2915e-01 +1.0370e+00 +1.2649e+00 +2.0373e+00 -3.6842e-01 +1.7191e+00 +2.5728e-01 -1.7657e+00 +2.7995e+00 -1.0566e+00 -1.5218e+00 +3.7057e+00 +3.0736e+00 +3.9925e-01
31 0 +3.017475192e+02 +1.301747519e+03 +1.301747519e+03 +3.8776e+00 -3.8926e+00 +2.4139e+00 +1.1086e+00 +9.0219e-01 -9.1480e-01 -3.1250e+00 +1.2082e+00 +1.4112e+00 +2.0654e+00 -6.7795e-01 +2.1491e+00 -1.8542e+00 -3.2484e+00 +5.2024e-01 -1.8082e+00 -4.8626e-01 +3.2010e+00 +4.8511e+00 +1.8334e+00
387 0 +2.808695189e+02 +1.280869519e+03 +1.280869519e+03 +6.1864e-01 +2.3562e+00 -7.2877e-01 +1.4183e+00 -6.0808e-01 -3.7757e+00 -1.6010e+00 +3.8202e+00 +6.1291e-01 +2.2246e+00 -2.6030e+00 -2.6724e+00 +2.5962e+00 -8.0610e-01 +1.8859e-01 +5.1653e-01 -3.5888e+00 +1.6439e+00 +2.2965e+00 +4.1937e+00
489 0 +2.500130561e+02 +1.250013056e+03 +1.250013056e+03 +1.0700e+00 +6.0462e-01 -1.3953e+00 +1.4858e+00 +1.9937e+00 -1.8861e-01 -3.5804e+00 -1.1208e+00 +8.0366e-01 +6.0764e-01 -2.5572e+00 -3.1141e+00 +3.2976e+00 -2.4814e-01 +2.8161e+00 +1.1070e+00 -4.6761e+00 +3.5384e+00 +2.4299e+00 +2.5764e+00
% f evaluations | g evaluations | best noise-free fitness - Fopt (-1.830200000000e+02) + sum g_i+ | measured fitness | best measured fitness or single-digit g-values | x1 | x2...
1 0 +3.924556014e+02 +2.094356014e+02 +2.094356014e+02 -4.7474e-01 +1.3716e-02 +2.4539e-01 -1.1631e+00 -1.3744e+00 +1.3702e+00 -1.7672e+00 -7.5706e-01 +7.1322e-01 -5.1359e-01 +1.3146e+00 -4.7474e-01 -2.6501e+00 -2.2099e-01 -1.5607e+00 +1.0986e-01 +2.9491e-01 -6.3447e-02 -1.8233e-01 +1.2133e+00
2 0 +3.880105274e+02 +2.049905274e+02 +2.049905274e+02 -1.1619e+00 +4.5131e-01 -4.2933e-01 +5.1585e-01 +1.0272e-01 -2.9814e-01 -2.3303e-01 +3.0266e+00 +1.9986e-02 +1.3196e+00 +1.1145e+00 -8.1477e-01 -4.7350e-02 +2.7723e-01 +1.8173e+00 +8.8606e-01 -1.4689e+00 +7.7655e-01 +1.7780e+00 -1.5576e-02
7 0 +3.768587997e+02 +1.938387997e+02 +1.938387997e+02 +1.1515e+00 +9.8713e-02 -1.0797e+00 +1.0124e+00 -7.9291e-02 +2.4660e-01 -8.3566e-02 -1.0143e+00 -1.3701e-01 -6.1509e-01 +4.6518e-01 +1.2919e+00 +6.9036e-01 -1.4835e+00 -2.9077e-01 +2.4644e-01 -1.0465e+00 -1.2888e+00 +1.1967e+00 +4.9071e-01
29 0 +3.379450897e+02 +1.549250897e+02 +1.549250897e+02 +3.8556e-01 +7.0224e-01 -1.6820e+00 -2.8431e-01 +4.2418e+00 +2.5399e+00 -1.7007e+00 -1.0009e+00 -4.6906e-01 +4.4983e+00 +2.9341e+00 +1.4186e+00 +3.5493e+00 +2.6729e+00 -3.4914e-01 -2.5076e+00 +1.0238e+00 +2.4513e+00 +1.8548e+00 +1.3093e+00
30 0 +3.288161142e+02 +1.457961142e+02 +1.457961142e+02 +1.2705e+00 +6.8418e-01 -1.0101e+00 +6.0669e-02 +2.1593e+00 +1.3832e+00 -5.7277e-01 -7.4314e-01 +3.9357e-01 +2.8744e+00 +1.4446e+00 +7.1611e-01 +1.8816e+00 +3.1203e+00 +1.5919e+00 -1.1162e+00 +2.2045e+00 +1.1428e+00 +2.7362e+00 -5.8936e-01
34 0 +3.179382062e+02 +1.349182062e+02 +1.349182062e+02 +1.9198e+00 +8.5463e-01 -1.6829e-01 +7.2602e-01 +3.0668e+00 +1.1811e-01 -8.1900e-01 -1.6236e+00 -3.0853e-01 +1.6362e+00 +2.9636e+00 +1.0293e+00 +3.9301e+00 +2.4597e+00 +3.0569e-01 -2.5450e+00 +2.7917e+00 +3.8293e-01 +2.0820e+00 +1.3018e+00
111 0 +3.102029499e+02 +1.271829499e+02 +1.271829499e+02 -7.8260e-01 -2.6018e+00 +6.9952e-02 -4.4569e-01 -3.0824e+00 +2.1280e+00 -4.2892e+00 +2.8009e+00 -2.1442e+00 +2.4664e+00 -2.5462e+00 -8.6176e-01 -8.9817e-01 +3.4414e+00 +2.2984e+00 +1.5299e+00 -2.9263e-01 -2.9056e+00 +2.5039e+00 +7.5677e-01
169 0 +2.902171391e+02 +1.071971391e+02 +1.071971391e+02 +1.8856e+00 +1.6166e+00 -3.6592e+00 +6.2165e-01 +4.5406e-01 -4.2264e+00 +1.3619e+00 -4.5211e-01 +5.0984e-01 -8.6422e-01 +2.9513e-01 +3.6098e+00 +4.1652e+00 +2.3964e+00 -1.1023e+00 +2.3629e+00 +7.3997e-01 -4.3429e+00 +3.6029e+00 -7.0734e-01
477 0 +2.835867660e+02 +1.005667660e+02 +1.005667660e+02 +4.5491e+00 +3.7068e-01 -7.8871e-01 -9.7442e-01 +4.8421e-01 +2.2924e+00 +2.1317e-01 -4.2535e-01 +1.3157e+00 -2.0713e-01 +3.3123e+00 +1.6200e+00 +2.3054e+00 +4.0358e+00 -1.3436e+00 -1.4843e-01 -1.5722e-01 -4.7391e+00 -1.3796e+00 +4.0052e+00
478 0 +2.646826196e+02 +8.166261961e+01 +8.166261961e+01 +6.6560e-01 +9.4530e-01 +1.5068e+00 -1.0853e+00 +1.2812e+00 +2.5275e+00 +1.0029e+00 -1.0718e+00 +3.6199e-01 +1.9043e-01 +3.4691e+00 +4.7080e+00 +1.7210e+00 +4.1399e+00 +2.8105e-01 +6.3220e-01 +4.5557e-01 -2.7874e+00 -4.3199e-01 +4.7323e+00
1714 0 +2.608134453e+02 +7.779344528e+01 +7.779344528e+01 -6.3434e-01 -1.8550e+00 -4.6219e-01 -3.5649e-01 -3.7333e+00 -2.0935e+00 -1.8515e+00 +1.2157e+00 -8.6710e-01 +2.0295e+00 -2.8043e+00 +1.4016e+00 -1.6965e+00 +8.1499e-01 +3.5704e+00 +3.1347e+00 -1.7152e-01 -3.6200e+00 +3.3552e+00 +4.0639e+00
% f evaluations | g evaluations | best noise-free fitness - Fopt (-1.026200000000e+02) + sum g_i+ | measured fitness | best measured fitness or single-digit g-values | x1 | x2...
1 0 +4.152933583e+02 +3.126733583e+02 +3.126733583e+02 -6.2944e-02 -1.8808e+00 +6.7467e-01 -1.0926e+00 +2.8537e-01 -6.9866e-01 +1.5314e-01 -1.7125e+00 +3.8239e-01 +8.2870e-01 -1.1277e+00 +2.0880e+00 +3.9442e-01 -1.7663e-01 -4.8901e-01 -1.2525e-02 -4.8295e-01 -9.2388e-01 +1.4136e+00 -4.7808e-02
3 0 +3.699301722e+02 +2.673101722e+02 +2.673101722e+02 +3.5132e-01 +5.2504e-01 +1.2032e+00 +3.4224e-01 -1.0808e+00 -1.1999e+00 +8.1355e-01 -1.3337e+00 -3.0242e-01 +9.3557e-01 +6.2134e-01 +2.1266e+00 -1.0695e+00 -7.2815e-01 -9.5132e-01 +2.4696e+00 +4.3684e-01 +1.9422e+00 +1.8332e+00 -1.1000e+00
19 0 +3.173665533e+02 +2.147465533e+02 +2.147465533e+02 +1.6327e+00 +4.0744e+00 +1.2948e+00 -1.6085e+00 +1.2453e+00 +2.8955e+00 -2.2361e+00 -7.3372e-01 -2.1118e+00 -3.6087e+00 +1.8790e+00 -2.6606e+00 +1.4012e+00 -1.5600e+00 +3.1637e+00 +3.5512e+00 -1.4141e+00 +2.9861e-01 -2.5476e+00 -4.2073e+00
58 0 +2.886811865e+02 +1.860611865e+02 +1.860611865e+02 -1.3108e+00 -2.1714e+00 +7.7246e-01 -1.1151e+00 -4.1117e-01 +3.3862e+00 +1.6538e+00 +9.1668e-01 +2.2487e+00 -2.1171e+00 +2.4185e+00 +1.9925e+00 -1.2574e+00 -2.6982e+00 -1.8885e+00 +4.8018e-01 -6.9076e-03 +4.3923e+00 -2.7341e+00 -8.7754e-01
222 0 +2.807770839e+02 +1.781570839e+02 +1.781570839e+02 -6.1641e-02 +8.5866e-01 -2.3471e+00 -1.8416e-01 +4.1264e+00 +8.5471e-01 -1.2266e-01 +6.9292e-01 +1.3596e-01 +2.5463e+00 +3.8480e+00 +8.9269e-01 -2.0780e+00 -4.8722e+00 -4.7900e+00 -3.6363e+00 -2.1801e+00 +3.0898e+00 -2.5343e+00 +5.7601e-01
231 0 +2.633328395e+02 +1.607128395e+02 +1.607128395e+02 +1.2778e+00 -3.4527e+00 -7.6034e-01 +1.8707e+00 +3.9300e+00 -5.9174e-01 +1.2768e+00 -1.9923e+00 +3.8378e-01 +6.6513e-01 +1.2485e+00 -3.1974e+00 -5.7519e-01 -3.7759e+00 -2.5853e+00 -1.1562e+00 -3.9134e-01 +3.4119e+00 -9.0065e-01 -3.7971e+00
% f evaluations | g evaluations | best noise-free fitness - Fopt (9.953000000000e+01) + sum g_i+ | measured fitness | best measured fitness or single-digit g-values | x1 | x2...
1 0 +4.110914960e+02 +5.106214960e+02 +5.106214960e+02 +1.0908e+00 +3.5614e-02 +3.6045e-01 -1.8606e-01 +2.1185e+00 -8.0163e-01 +1.1180e+00 -1.0648e+00 +1.8187e+00 +1.0293e+00 -6.3023e-01 -6.5383e-01 -2.8581e-01 +1.2305e+00 +2.1653e-01 -1.3292e+00 -1.3303e+00 +1.1612e+00 -1.2028e+00 -9.6962e-01
5 0 +3.926454906e+02 +4.921754906e+02 +4.921754906e+02 -3.6431e-01 -1.1824e+00 +1.7147e+00 +8.1264e-01 +9.2686e-01 -6.2212e-01 -7.4596e-02 -9.8270e-01 -2.2069e-01 +2.8907e-01 -1.6914e-01 -8.6355e-01 +3.7561e-01 -3.6053e-01 +8.0461e-01 -5.3468e-01 +7.7318e-01 +1.8097e+00 -1.6963e+00 +1.2802e+00
7 0 +3.546675957e+02 +4.541975957e+02 +4.541975957e+02 -6.0988e-01 +5.9333e-01 +1.5614e-01 -1.4046e-01 -2.0306e+00 +3.0107e-01 +1.1603e+00 -7.1511e-01 +7.8723e-01 +1.2445e+00 -6.9491e-01 +1.7277e+00 +3.6052e-01 +1.0653e+00 +2.5337e+00 +7.5755e-01 -7.1075e-01 -2.7847e-02 +1.2692e+00 +4.1596e-01
13 0 +3.451261997e+02 +4.446561997e+02 +4.446561997e+02 +1.9983e+00 +1.2611e-01 +1.5070e+00 +1.7337e+00 -3.1149e-01 -1.6425e+00 +3.8148e-01 -6.5119e-01 -3.8149e-01 -2.2510e+00 -1.3130e+00 -3.7252e+00 +2.3154e+00 +7.5046e-02 +2.4139e+00 -1.4032e+00 -2.7049e+00 -8.8257e-02 +1.9513e+00 +1.7557e+00
24 0 +3.252221311e+02 +4.247521311e+02 +4.247521311e+02 +2.9686e+00 -4.9802e-01 -8.0112e-02 +3.9219e+00 -6.6714e-01 +4.0528e-01 -1.2633e+00 -1.0796e+00 +1.9320e-01 -1.0300e+00 -3.1906e+00 -4.2014e+00 +7.0951e-01 -8.7103e-01 +3.3460e+00 -1.9709e+00 -1.5114e+00 +2.2474e+00 +2.9492e+00 +3.6033e+00
38 0 +3.193654340e+02 +4.188954340e+02 +4.188954340e+02 -2.1871e+00 -1.8153e+00 +4.1101e+00 +1.5193e+00 -1.9503e-01 +3.1451e+00 -9.5329e-01 -3.0422e+00 -2.1260e+00 +2.4188e+00 -7.2821e-01 +3.9190e+00 +1.6722e+00 +3.7824e+00 +7.0551e-01 -1.1398e+00 -5.1422e-02 +2.4028e+00 -1.8029e+00 +3.1811e+00
71 0 +3.112096161e+02 +4.107396161e+02 +4.107396161e+02 +1.2395e+00 -2.4036e+00 -3.4435e+00 -6.0334e-01 +2.4751e+00 +3.3367e+00 -2.0696e+00 -1.3635e+00 -1.4689e+00 -1.3606e+00 -9.0170e-01 +4.0120e+00 +3.0278e+00 +3.0426e+00 +9.7580e-01 +3.5429e+00 +1.5108e+00 +1.4115e+00 +3.5299e+00 -3.2728e+00
82 0 +3.055917274e+02 +4.051217274e+02 +4.051217274e+02 -2.7717e+00 -2.6196e+00 -2.9929e+00 -9.0454e-01 +2.2082e+00 +3.7438e+00 -1.6044e+00 -3.2942e+00 -2.6899e+00 -2.8850e+00 +1.7848e+00 +1.9824e+00 +6.8875e-01 +2.6878e+00 +2.1366e+00 +2.0637e+00 +1.7494e+00 +1.8931e+00 +3.2267e+00 -3.0157e+00
178 0 +2.927906693e+02 +3.923206693e+02 +3.923206693e+02 -1.3747e+00 +8.6624e-02 -2.7834e+00 -8.6886e-01 +2.8918e-01 -1.2729e+00 +2.9086e+00 +1.6356e+00 -3.3428e+00 -1.6692e+00 -2.1620e-01 +3.0743e+00 +2.2214e+00 +9.8677e-01 +4.3173e-01 +7.7664e-02 +5.9906e-01 -1.8934e-01 +3.1784e+00 +3.8243e+00
388 0 +2.802582888e+02 +3.797882888e+02 +3.797882888e+02 -2.0394e+00 +1.8212e-01 +1.2079e+00 +1.5207e+00 -9.8667e-01 -1.6474e+00 +1.9233e-01 -9.0461e-01 -1.9119e+00 -3.6749e-01 +3.5695e+00 +4.0288e+00 +1.0780e+00 -3.5022e-01 +1.2415e+00 +1.1552e-01 -1.3795e+00 -7.3857e-01 +3.0245e+00 +4.4245e+00
549 0 +2.631282744e+02 +3.626582744e+02 +3.626582744e+02 +9.5746e-02 +9.6191e-01 +1.1697e-01 -6.3352e-01 +5.2794e-01 +2.6687e-01 -2.0756e+00 +9.0637e-01 -8.9975e-01 -1.1622e+00 +1.5337e+00 +2.5388e+00 -1.5812e+00 +2.8665e+00 +2.9251e+00 -2.1676e-01 -3.3498e+00 +4.7640e+00 +2.1655e+00 +2.1278e+00
791 0 +2.602558858e+02 +3.597858858e+02 +3.597858858e+02 +2.2112e+00 -3.7870e+00 -3.4700e+00 -3.0428e+00 +3.4187e+00 +1.7581e+00 +1.3562e+00 +1.9212e+00 +6.4298e-03 -3.7098e+00 +1.0047e+00 +1.2642e+00 +2.1358e+00 +6.8665e-01 +3.2324e-01 +2.1980e+00 -1.5939e+00 +8.3699e-01 +4.6068e+00 +2.4402e+00
% f evaluations | g evaluations | best noise-free fitness - Fopt (1.495900000000e+02) + sum g_i+ | measured fitness | best measured fitness or single-digit g-values | x1 | x2...
1 0 +4.192731862e+02 +5.688631862e+02 +5.688631862e+02 -2.0855e-01 +1.1857e-01 -1.1143e+00 -1.1360e+00 -2.3852e+00 +4.5295e-01 +7.6437e-01 -4.4546e-02 +1.2983e+00 +4.0884e-01 +1.2824e+00 +2.2810e-01 -9.6727e-01 -8.6849e-01 -5.4039e-01 -2.7101e+00 -4.9950e-01 +3.5003e-01 -1.3794e+00 +1.1103e+00
2 0 +3.835587877e+02 +5.331487877e+02 +5.331487877e+02 -3.6934e-01 -9.5809e-02 -1.4471e+00 -1.1592e+00 -1.5620e+00 +1.9485e+00 +1.1155e+00 -5.5823e-01 -1.3812e+00 -2.0130e+00 +1.7100e-01 -1.2091e+00 +1.2276e+00 -1.1775e+00 -8.7630e-01 -2.2318e-01 +1.0558e+00 -1.3923e+00 -1.3592e+00 -2.3702e-02
3 0 +3.668139759e+02 +5.164039759e+02 +5.164039759e+02 +4.7828e-01 +6.5578e-01 +6.7062e-01 +5.5108e-01 -6.0175e-01 -6.3793e-01 +2.6795e-01 +5.0578e-01 +9.0648e-01 +7.1198e-01 +8.1881e-01 -5.5262e-01 +9.2038e-01 +6.2396e-01 -2.0326e+00 +7.6394e-01 +1.5974e+00 -4.7500e-01 -6.7207e-01 +4.0659e-01
20 0 +3.210672120e+02 +4.706572120e+02 +4.706572120e+02 +2.5264e+00 +2.3682e+00 +1.0728e+00 -1.6676e+00 +3.0777e+00 +2.0063e+00 +4.9763e-01 -1.7846e+00 +6.6451e-01 -3.3077e+00 +2.5699e+00 +1.1997e+00 -1.7039e+00 -3.3772e+00 -3.3753e+00 +1.9460e+00 +4.7200e-01 +2.3053e+00 +1.3147e+00 +3.4757e+00
265 0 +3.155192814e+02 +4.651092814e+02 +4.651092814e+02 -1.6204e-01 -8.8300e-01 -9.6967e-01 +1.0022e-01 -9.9218e-01 -1.0505e+00 +4.6687e+00 +2.4132e-01 -3.5503e+00 +4.2309e-01 +2.7937e+00 +2.0394e+00 -2.1104e+00 +2.4923e+00 +1.2842e+00 +1.2006e+00 +8.9887e-01 -4.8987e-01 +4.5155e+00 +1.7948e+00
292 0 +3.089018759e+02 +4.584918759e+02 +4.584918759e+02 -2.9259e+00 -7.4863e-01 +3.0270e-01 +3.6563e-01 -5.6173e-01 +6.2776e-01 +1.7431e+00 -1.1165e+00 +6.5834e-01 -3.3133e+00 +3.1370e+00 +1.7048e+00 -2.5937e-02 -4.8301e+00 -4.6111e+00 -4.0261e+00 -1.8382e+00 -2.3326e+00 +4.2929e+00 +3.3686e+00
518 0 +2.863578711e+02 +4.359478711e+02 +4.359478711e+02 -2.0154e+00 -1.0319e+00 -1.8039e+00 +8.0530e-01 -2.4839e+00 +3.6816e+00 +1.0696e+00 +6.7573e-01 +1.8296e+00 +6.6396e-01 +4.8800e-01 +1.9118e+00 -1.5995e+00 +1.3414e-01 -3.4158e+00 +1.5565e+00 +3.4982e+00 -1.0265e+00 +3.4751e+00 +1.0658e+00
977 0 +2.798059531e+02 +4.293959531e+02 +4.293959531e+02 +1.5114e+00 +1.1111e+00 +4.5488e+00 -9.5189e-01 +5.1340e-01 +1.6112e-01 +2.8013e+00 -2.5657e+00 -3.4034e-01 -3.9054e+00 +2.7765e+00 +4.7993e+00 +2.5783e+00 +3.5800e+00 +1.5982e+00 +3.0094e+00 +5.3731e-01 +6.7838e-01 +2.2227e+00 +1.6723e+00
1536 0 +2.748965900e+02 +4.244865900e+02 +4.244865900e+02 -6.2071e-01 +1.9838e+00 +1.1194e+00 +1.3081e+00 +1.8235e+00 +7.2473e-01 +2.5847e+00 -1.4896e+00 -1.1758e+00 +1.6466e+00 -1.1837e-01 +3.9035e+00 -2.9700e+00 +1.9173e+00 -2.5568e+00 -5.6568e-01 +3.1203e+00 -3.2080e+00 +3.8296e+00 +1.7496e+00
1610 0 +2.542338065e+02 +4.038238065e+02 +4.038238065e+02 -4.8738e-01 +8.9996e-01 -7.2313e-01 -3.2589e+00 -2.5964e-01 +2.6175e+00 +1.3954e+00 -4.1653e+00 +1.7746e+00 -2.1905e+00 +1.8538e+00 -2.5048e-02 +8.9416e-01 +4.2885e+00 -2.9869e+00 -1.0717e+00 +2.8034e+00 -1.7699e+00 +2.2706e+00 +1.5863e+00
1736 0 +2.406096762e+02 +3.901996762e+02 +3.901996762e+02 -1.8779e+00 +2.5771e+00 -4.2058e+00 +8.8175e-01 +2.7676e+00 +4.0552e+00 -7.0498e-01 +6.7503e-01 +1.5821e-02 -2.6342e+00 +2.2813e+00 +6.5000e-01 +1.3265e+00 +3.7478e+00 -1.9421e+00 +5.9499e-01 +1.6013e+00 -4.1842e+00 +1.7411e+00 +2.5441e+00
% f evaluations | g evaluations | best noise-free fitness - Fopt (-1.000000000000e+03) + sum g_i+ | measured fitness | best measured fitness or single-digit g-values | x1 | x2...
1 0 +3.900546814e+02 -6.099453186e+02 -6.099453186e+02 +9.0436e-02 +8.8525e-01 -1.9129e+00 +7.1816e-02 +2.0455e+00 +3.9920e-01 -7.9818e-01 -7.7001e-01 +1.6390e+00 -6.4048e-01 +6.4102e-01 -2.5241e+00 -4.4684e-01 +2.8093e-01 +9.9966e-01 -1.5685e+00 +1.5549e-01 +1.6762e-01 -5.1430e-01 -1.8659e-01
2 0 +3.666350897e+02 -6.333649103e+02 -6.333649103e+02 -6.8008e-01 +4.9971e-01 -1.6339e+00 +2.7763e-01 -6.8984e-01 +8.7513e-01 +1.0107e+00 -7.6799e-01 -1.0168e+00 +1.2125e+00 +2.0591e+00 +1.0777e+00 +1.3652e+00 -8.4227e-01 -1.4032e+00 +4.6942e-02 -7.1211e-01 +5.3474e-01 -5.7228e-02 -1.2172e+00
5 0 +3.413107296e+02 -6.586892704e+02 -6.586892704e+02 -8.8059e-01 +4.9105e-01 +1.3130e+00 +1.6675e+00 -1.0055e+00 -9.9358e-01 +4.4569e-01 -5.6601e-01 +3.1776e-01 -1.5423e+00 -6.4594e-01 +1.2097e-02 +1.2674e+00 +1.0977e+00 +7.2766e-03 +1.0515e+00 -2.5341e+00 +1.0439e+00 -2.5674e+00 -2.2744e+00
81 0 +3.117648972e+02 -6.882351028e+02 -6.882351028e+02 -1.9646e+00 +1.2854e+00 -2.2159e+00 -4.0598e+00 +4.7619e-01 -1.7083e-01 +1.3784e+00 -1.4363e+00 +2.8210e+00 -3.3967e+00 -1.4416e+00 +5.4416e-01 -2.4852e+00 -1.9525e+00 +1.4996e-01 +2.0509e+00 +2.9270e-01 +2.0919e+00 -3.8073e+00 -3.9071e+00
108 0 +2.636046001e+02 -7.363953999e+02 -7.363953999e+02 +6.2366e-01 +8.7609e-02 -8.4292e-01 -4.7571e+00 -1.2188e+00 +2.0400e+00 -1.4176e+00 -6.1932e-01 -7.4886e-01 +9.0602e-01 +3.2963e+00 +9.5579e-01 +4.4852e+00 -2.5485e+00 -1.5846e+00 +3.4569e+00 +1.5631e+00 +8.7493e-01 -3.6401e+00 -4.8210e+00
1082 0 +2.547874036e+02 -7.452125964e+02 -7.452125964e+02 -1.7432e-01 +2.1713e+00 -3.5210e+00 +1.8180e-01 +2.9003e+00 -3.9292e+00 +3.8481e+00 -4.5640e+00 -1.6543e+00 -2.1077e+00 +3.2691e+00 -4.3266e+00 -7.9504e-01 +1.5879e-01 +1.2803e-01 +4.8448e+00 -4.1607e+00 -1.4145e+00 -4.1353e+00 +4.1716e-01
% f evaluations | g evaluations | best noise-free fitness - Fopt (-2.922000000000e+01) + sum g_i+ | measured fitness | best measured fitness or single-digit g-values | x1 | x2...
1 0 +4.058036703e+02 +3.765836703e+02 +3.765836703e+02 -9.8558e-01 -2.0581e+00 -1.3408e+00 -8.9820e-01 -1.6597e+00 -1.1514e+00 -3.3623e-01 +1.5514e-01 -3.7053e-01 +5.7868e-01 -3.8670e-01 -1.6740e+00 +1.1875e+00 -1.2347e+00 -7.5777e-01 -1.0268e-01 +1.0421e+00 +6.1942e-01 -1.0887e-01 -7.9942e-02
2 0 +3.772759088e+02 +3.480559088e+02 +3.480559088e+02 +1.3962e-01 -1.6474e+00 -1.0481e+00 -1.9119e+00 +6.9060e-01 +4.9129e-01 +1.5629e-01 -1.7725e-01 -1.3033e+00 +4.8766e-01 +1.3078e-01 +1.5988e+00 -1.5886e+00 -1.0258e+00 -1.1332e-01 +1.2639e+00 -1.0683e+00 +1.3357e+00 -1.9071e+00 -9.3031e-01
4 0 +3.664417885e+02 +3.372217885e+02 +3.372217885e+02 -5.0707e-01 -4.2322e-02 -4.7480e-01 -1.1276e+00 +8.6597e-01 +1.9749e+00 +1.0356e+00 -1.8565e+00 +1.0041e-01 +8.0768e-01 -6.5142e-02 +1.0088e+00 +3.0374e-01 -2.6584e-01 -1.4806e+00 +7.2887e-01 -8.1144e-01 +4.6031e-02 -7.4442e-01 -1.8876e-01
26 0 +3.238337412e+02 +2.946137412e+02 +2.946137412e+02 +1.5647e+00 -2.4074e+00 +1.2603e+00 +2.3820e-01 -6.3260e-01 +1.3830e+00 +2.8212e-01 +2.5719e+00 -1.4770e+00 -1.0525e+00 +1.1702e-01 -6.5755e-01 +1.5550e+00 +4.8341e-02 +6.0483e-01 +4.2020e+00 -3.2407e+00 -1.0198e+00 -3.3242e-01 +1.3231e+00
46 0 +3.127270230e+02 +2.835070230e+02 +2.835070230e+02 +1.2622e+00 +1.8703e+00 -3.6410e-01 -6.1340e-01 +2.1953e+00 +1.2580e+00 -4.5898e+00 -1.2338e+00 -8.2267e-02 +1.2285e+00 +9.9309e-01 +2.0936e+00 +1.0902e+00 -1.6474e+00 +1.5239e+00 +5.6184e-01 -3.2109e+00 -3.0100e+00 -5.8364e-01 +5.3653e-01
47 0 +3.056398141e+02 +2.764198141e+02 +2.764198141e+02 +8.3276e-01 +1.2681e+00 +8.5603e-01 -2.0934e+00 -5.0418e-01 +2.5733e+00 -3.3456e+00 -2.2784e+00 -1.7381e+00 +1.2124e+00 +5.4380e-01 +1.4385e+00 +1.5009e+00 -2.2592e+00 -1.2463e+00 +1.2562e+00 -1.4739e+00 -3.1642e+00 -5.1860e-01 +4.0510e-01
48 0 +2.944086862e+02 +2.651886862e+02 +2.651886862e+02 +2.1248e+00 +7.4020e-01 +3.8912e-01 -1.0170e+00 +5.5440e-01 +2.6215e+00 -1.4646e+00 -7.1204e-01 -7.9250e-01 +1.1605e+00 +5.5741e-01 +2.9492e+00 +1.8779e+00 -4.1367e+00 +6.9064e-01 +5.8752e-01 -2.5556e+00 -2.9402e+00 -2.0167e+00 +1.1060e-01
49 0 +2.783964828e+02 +2.491764828e+02 +2.491764828e+02 +1.9793e+00 +2.1178e+00 -8.1599e-01 -2.0512e+00 +1.0280e-01 +1.9194e+00 -3.2516e+00 -2.4311e+00 -2.5932e+00 +6.8109e-01 +1.3430e+00 +3.7866e+00 +1.1771e+00 -2.6774e+00 +5.6303e-01 +1.0818e+00 -4.0234e+00 -4.0883e+00 -1.2166e+00 -5.0158e-01
52 0 +2.688057375e+02 +2.395857375e+02 +2.395857375e+02 +1.0509e+00 +1.7822e+00 -4.6054e-01 -2.5989e+00 +2.8933e+00 +1.4229e+00 -2.8583e+00 -1.3989e+00 -1.0950e+00 -9.7529e-01 +1.9071e+00 +3.2579e+00 +3.3300e-01 -4.1345e+00 -5.5904e-02 +1.4870e+00 -4.5122e+00 -4.9299e+00 -4.5865e-01 -9.3457e-01
1042 0 +2.596730480e+02 +2.304530480e+02 +2.304530480e+02 +2.5525e+00 -1.4288e+00 +2.3043e+00 +2.9376e+00 +6.4218e-01 -1.7221e+00 +3.9290e+00 +1.3901e+00 -7.4319e-01 -3.3568e+00 +1.0806e+00 -1.1338e+00 +1.3334e+00 -2.8148e+00 -1.0539e+00 -1.5175e+00 -4.5707e+00 -3.3934e+00 -4.2659e+00 +2.9551e+00
1551 0 +2.513605674e+02 +2.221405674e+02 +2.221405674e+02 +6.1796e-01 -2.5705e+00 +8.7221e-01 +1.4829e+00 -3.1089e+00 -2.0943e+00 -5.9087e-01 -4.5532e+00 -1.7381e+00 -6.3154e-01 -8.6549e-01 +5.6467e-01 +3.1482e+00 -4.3140e+00 -2.2273e+00 -2.7518e-01 -3.9611e+00 -1.5860e+00 -2.3123e+00 +3.0692e+00
% f evaluations | g evaluations | best noise-free fitness - Fopt (-4.096000000000e+01) + sum g_i+ | measured fitness | best measured fitness or single-digit g-values | x1 | x2...
1 0 +4.258323589e+02 +3.848723589e+02 +3.848723589e+02 -9.6599e-02 +5.0391e-01 -1.7957e-01 +1.5743e+00 +9.5731e-01 -4.8460e-01 -1.4276e+00 -5.2892e-01 -1.1768e+00 +5.7908e-02 -2.4997e+00 -2.5233e-01 +1.6202e+00 -1.9853e+00 +1.3625e-01 +2.7189e-01 +4.0217e-01 +1.4040e+00 -9.3786e-01 -7.8612e-01
3 0 +4.205731362e+02 +3.796131362e+02 +3.796131362e+02 +1.9684e+00 -1.9521e-01 +7.5828e-01 +6.3902e-01 +1.5576e+00 +8.0507e-01 -9.8020e-02 -1.3456e+00 -1.5113e+00 -6.9105e-01 +1.2018e+00 -1.3626e+00 +4.5628e-01 +4.6061e-02 -1.2793e+00 -8.7499e-01 -2.4645e-01 -7.8808e-01 -2.2600e-01 -1.7567e-01
4 0 +4.123103594e+02 +3.713503594e+02 +3.713503594e+02 -9.8855e-01 -2.8699e-01 -1.9902e-01 -7.8093e-01 +6.3123e-01 +2.0711e+00 -2.7143e-01 -8.9366e-01 -1.9663e+00 +1.4761e+00 -1.5637e-01 -5.0047e-01 -4.5805e-01 +6.8338e-01 -2.2104e-01 +9.0060e-01 -4.1738e-01 -3.5487e-01 +6.2887e-01 +1.2786e+00
6 0 +3.826336737e+02 +3.416736737e+02 +3.416736737e+02 -1.2613e+00 -2.0963e+00 -3.2736e-01 +1.0475e-01 -3.1626e-01 -1.3987e+00 +1.2554e-01 +9.1009e-01 +2.0663e+00 -3.8053e-01 -1.6349e+00 +1.2434e+00 -8.1903e-01 +1.1299e+00 +1.0936e+00 -1.4909e+00 +1.2094e+00 -1.2752e+00 -7.5095e-01 +2.4148e-01
9 0 +3.748877161e+02 +3.339277161e+02 +3.339277161e+02 -2.4041e-02 +5.4370e-01 +1.2569e+00 -3.4383e-01 -5.6507e-01 +7.6237e-01 +8.6313e-01 +5.4327e-01 +1.8070e+00 +1.9909e+00 -8.0854e-01 -6.3993e-01 -5.5229e-01 +4.3782e-01 -3.0009e-01 -1.3121e+00 -9.8965e-01 -4.0342e-01 +6.5579e-01 -1.0370e+00
23 0 +3.573410547e+02 +3.163810547e+02 +3.163810547e+02 +1.2708e+00 +3.0314e+00 +2.4931e+00 -3.1407e+00 +3.1111e+00 -2.9816e+00 -6.6017e-01 +1.6740e-01 -2.3004e+00 -5.1394e-01 -5.9883e-01 -4.1418e+00 -2.3553e+00 +1.1797e+00 +1.0131e+00 +4.0380e+00 +4.7599e-01 +3.3414e+00 +8.4085e-02 -3.9983e+00
49 0 +3.545415533e+02 +3.135815533e+02 +3.135815533e+02 +3.2157e+00 -7.3545e-01 -6.6512e-01 +1.7054e+00 +9.0097e-01 +3.4193e+00 -2.6424e+00 +1.2209e-01 +1.2980e+00 +1.9644e-01 +8.8643e-01 +3.4355e+00 -1.3339e+00 -4.0868e+00 +1.5738e+00 +1.5112e+00 -1.1396e+00 -1.2374e+00 -1.2364e+00 -3.0234e+00
50 0 +3.459589624e+02 +3.049989624e+02 +3.049989624e+02 +1.3925e+00 -3.1575e+00 -1.1228e+00 +2.8347e+00 +1.3050e+00 +3.2012e+00 -1.1224e+00 -1.6947e+00 +4.1165e+00 -1.4622e+00 -8.4605e-01 +1.7339e+00 -1.2891e+00 -4.4787e+00 +5.5122e-01 -3.1050e-01 -3.1689e+00 -2.4189e+00 +3.2310e-01 -1.3642e+00
54 0 +3.342386303e+02 +2.932786303e+02 +2.932786303e+02 +1.4574e+00 -3.2424e+00 -1.6589e+00 +1.8310e+00 +9.1374e-01 +3.8822e+00 -1.9416e+00 -2.3078e+00 +1.7864e+00 +7.2518e-01 -1.1768e+00 -8.4026e-01 -6.5399e-01 -3.7811e+00 +1.4718e+00 +1.8692e-02 -2.3461e+00 -1.1985e+00 +2.1524e+00 -4.3956e+00
57 0 +3.122278538e+02 +2.712678538e+02 +2.712678538e+02 +2.7237e+00 -2.8229e+00 -1.8078e+00 +1.9928e+00 +5.7496e-01 +2.5501e+00 -1.5972e+00 -2.1658e+00 +2.0342e+00 -8.6366e-01 -2.5506e+00 +1.3428e+00 -1.5969e-01 -2.2976e+00 -1.9367e-01 +1.5107e+00 -3.1071e-01 -2.6280e+00 +3.3215e+00 -2.9289e+00
382 0 +3.039552279e+02 +2.629952279e+02 +2.629952279e+02 -1.9257e+00 +1.2505e+00 -1.3846e-02 +5.3945e-01 -3.1418e+00 -3.3384e+00 +1.2000e+00 +2.9797e+00 +4.4451e-01 -4.5237e+00 +1.3847e+00 -4.1230e-01 -2.1769e+00 +4.7203e+00 -1.1248e+00 -7.8272e-01 +3.6998e+00 -3.1521e+00 +3.0519e+00 -1.8766e+00
384 0 +2.569739903e+02 +2.160139903e+02 +2.160139903e+02 -3.8798e+00 +6.3981e-01 +4.1998e-01 +3.1661e-01 -3.2557e+00 -3.6670e+00 +1.5753e+00 +1.8757e+00 +2.9501e+00 -4.1754e+00 -5.7592e-01 +3.0346e+00 -2.8801e+00 +3.5795e+00 -2.4300e+00 +9.2317e-02 +2.0380e+00 -4.7643e+00 +2.9175e+00 -2.5163e+00
495 0 +2.451463515e+02 +2.041863515e+02 +2.041863515e+02 +2.2885e+00 +8.1598e-01 +2.3165e+00 +6.1597e-01 -1.7821e+00 +1.2498e+00 +2.0263e+00 +3.8972e+00 -1.2341e-01 +6.9257e-01 -1.4449e+00 +3.7037e+00 -1.1044e+00 +1.7605e+00 +1.4224e+00 +2.3917e+00 -5.6762e-01 -4.5194e+00 +1.4151e+00 -2.8996e+00
