% f evaluations | g evaluations | best noise-free fitness - Fopt (-2.098800000000e+02) + sum g_i+ | measured fitness | best measured fitness or single-digit g-values | x1 | x2...
1 0 +1.458528958e+07 +1.458507970e+07 +1.458507970e+07 +7.1066e-01 +4.0758e-01 -2.5537e-01 -2.6496e-01 -6.4377e-01 -1.2073e+00 -1.0371e+00 +3.5812e-01 +5.8374e-01 -2.5421e+00 -2.7278e+00 +5.3110e-01 -3.0342e-01 +9.2287e-01 +1.3470e+00 +6.8657e-01 -1.7456e+00 -1.9104e+00 -1.3392e+00 -7.5807e-01
3 0 +5.735570101e+06 +5.735360221e+06 +5.735360221e+06 +1.7814e-01 -4.4173e-01 -4.5173e-01 -1.8481e+00 -1.7659e-01 +6.4724e-01 -7.4620e-01 +9.4881e-01 -3.0514e-01 -1.8056e-01 -9.7600e-01 +2.7047e+00 -1.4191e+00 +5.2551e-01 +8.3306e-02 -2.4278e-01 -6.4016e-01 +1.1961e+00 -2.5430e-01 +9.7007e-01
9 0 +4.185079979e+06 +4.184870099e+06 +4.184870099e+06 -5.5369e-01 +2.2323e-01 -1.4762e-02 +1.6580e+00 +8.8025e-01 +5.6545e-01 -8.9611e-01 -1.7799e+00 -7.2514e-01 +9.9022e-01 -6.4765e-01 +1.1284e+00 -7.2637e-01 -1.1748e+00 +2.7258e+00 +7.2799e-01 +3.7313e-02 +8.4620e-01 -2.6159e+00 +1.3591e+00
150 0 +2.822678959e+06 +2.822469079e+06 +2.822469079e+06 +6.6872e-01 +3.5986e+00 +1.5334e-01 -4.2608e+00 -1.7408e+00 +4.4645e+00 -2.1352e-01 +8.7538e-01 +1.3884e-01 -5.6483e-01 +2.1189e+00 +1.9621e+00 +1.5561e+00 -1.8406e-03 +3.5658e+00 -1.0149e+00 +4.7721e-01 +2.7834e+00 -2.4104e+00 +1.3632e+00
452 0 +2.025141302e+06 +2.024931422e+06 +2.024931422e+06 -2.3609e+00 +1.1798e-01 -3.1837e-01 +1.8977e-01 -7.7355e-01 -1.0903e+00 +5.1475e-01 +3.4735e+00 +1.0228e+00 +9.3484e-01 -2.5661e+00 +2.2365e+00 -1.5004e+00 -1.7850e+00 +1.3660e+00 -4.8414e-01 -1.0530e+00 +3.2403e+00 -1.4714e+00 +2.4167e+00
485 0 +1.616294960e+06 +1.616085080e+06 +1.616085080e+06 +1.1812e-01 +4.9570e+00 -3.6209e+00 +6.4712e-01 -1.5248e-01 -2.5274e+00 -4.0375e-01 -3.7236e-01 -4.3104e+00 -2.4485e+00 -5.0553e-01 -3.6553e+00 -1.1215e+00 -2.4169e+00 -6.3960e-01 +3.9190e-01 -4.1318e+00 +3.0798e+00 -3.1540e+00 +1.9658e+00
563 0 +1.582929001e+06 +1.582719121e+06 +1.582719121e+06 +1.3165e+00 +4.6375e+00 +1.7754e+00 +2.5688e+00 -3.4196e-01 +1.3072e+00 +1.4568e-01 +2.3296e+00 +4.3088e-02 -1.6978e+00 +1.1042e+00 +9.3282e-01 +4.0098e+00 +2.7820e+00 -3.6320e+00 -2.0744e+00 -2.9504e+00 +1.9564e+00 -1.5475e+00 +2.6574e+00
566 0 +1.259946454e+06 +1.259736574e+06 +1.259736574e+06 +2.0943e+00 +2.8180e+00 +2.8933e+00 +3.2775e+00 +1.9665e+00 +4.4556e+00 +7.3971e-01 +1.6044e+00 -7.4236e-01 -2.6874e+00 +6.6609e-01 -1.9496e+00 +2.5873e+00 +3.1962e+00 -3.4222e+00 -2.0552e+00 -2.0160e+00 +3.1434e+00 -1.3894e+00 +2.2035e+00
853 0 +1.196176455e+06 +1.195966575e+06 +1.195966575e+06 -2.1758e+00 +1.9833e+00 -1.1900e-01 -3.7612e-01 +4.0761e+00 -1.5316e+00 -1.4378e+00 -2.8588e+00 +1.4739e+00 -1.9083e+00 -2.6926e+00 +3.0186e+00 +1.8078e-01 -1.8063e+00 -2.1475e+00 -1.1009e+00 -9.1130e-01 +3.1961e+00 -2.1875e+00 +1.6828e+00
1568 0 +8.811555363e+05 +8.809456563e+05 +8.809456563e+05 -4.3305e-01 +2.6155e+00 +1.7627e+00 -3.9778e+00 -4.4157e-01 -2.2972e-01 +1.8256e+00 +8.0310e-02 +2.0647e+00 +3.5249e+00 +3.7216e+00 -5.5228e-02 -2.1421e+00 +7.9387e-03 +1.7375e+00 -2.3012e+00 -4.2704e+00 +3.4167e+00 -2.5014e+00 +2.0679e+00
% f evaluations | g evaluations | best noise-free fitness - Fopt (-9.209000000000e+01) + sum g_i+ | measured fitness | best measured fitness or single-digit g-values | x1 | x2...
1 0 +1.315734641e+07 +1.315725432e+07 +1.315725432e+07 +9.0950e-01 +9.8627e-01 -2.7778e+00 +8.8832e-02 -6.7235e-02 -6.2279e-01 -1.5927e-01 +2.4268e-01 -9.4106e-01 +7.4407e-01 +8.7159e-02 -3.5879e-01 -3.6106e-01 -1.5085e+00 +8.1732e-01 -4.0719e-01 +5.8051e-01 +3.0602e-01 -1.4095e+00 +4.9096e-01
2 0 +6.191662822e+06 +6.191570732e+06 +6.191570732e+06 +1.4362e+00 -1.1484e+00 -2.7049e+00 -2.3164e+00 +2.2256e+00 -2.0382e+00 -1.9634e+00 -5.8970e-01 -6.0788e-02 -1.0860e+00 -2.0166e+00 -6.7457e-01 -4.6488e-01 -7.0107e-01 -1.4943e+00 +1.1824e+00 -2.3651e+00 +8.4971e-01 -6.9206e-01 -5.2814e-01
3 0 +4.507722738e+06 +4.507630648e+06 +4.507630648e+06 -1.2435e+00 -5.8962e-01 -1.9477e-01 -4.5848e-01 +2.0134e+00 -6.3057e-01 +1.9017e+00 -1.6010e+00 +6.0275e-01 +6.4870e-01 -1.0648e+00 +8.3969e-02 -5.6568e-01 +2.3334e+00 -9.5036e-01 +4.0281e-01 -2.4814e-01 +8.0475e-01 +7.6946e-01 -1.0868e+00
13 0 +2.312275768e+06 +2.312183678e+06 +2.312183678e+06 +2.2963e+00 -1.8075e+00 +3.1644e-01 -1.2654e+00 -1.9663e+00 -1.8122e+00 -2.3052e+00 -2.6312e+00 +3.5400e+00 -4.3786e+00 -9.9917e-01 -6.3546e-01 -1.5036e+00 +3.8985e-01 +1.1961e-01 -1.5005e+00 -2.3805e+00 +1.3207e+00 +2.1286e+00 -1.7173e+00
16 0 +2.190353278e+06 +2.190261188e+06 +2.190261188e+06 +3.0737e+00 -3.2851e+00 +9.3809e-01 -3.4326e-01 +1.9436e-01 -6.8548e-01 -4.1293e+00 -2.3068e+00 +1.7186e-01 -3.0896e+00 -2.0089e+00 -2.7322e-01 +5.4651e-01 +9.5924e-01 +2.5216e+00 -1.6222e+00 -2.2104e+00 +1.7458e+00 +1.7706e+00 -2.1804e+00
17 0 +1.006218853e+06 +1.006126763e+06 +1.006126763e+06 +2.3588e+00 -2.8542e+00 -1.9007e+00 -1.7614e+00 -2.1529e+00 -1.4922e+00 -2.3885e+00 -1.4258e+00 +3.7365e+00 -2.5136e+00 -6.5265e-01 -2.1898e+00 +1.2365e+00 +3.3291e-01 +2.1006e+00 +3.4305e-01 -2.8552e+00 +3.2012e+00 +2.4935e+00 -2.0540e+00
% f evaluations | g evaluations | best noise-free fitness - Fopt (-8.789000000000e+01) + sum g_i+ | measured fitness | best measured fitness or single-digit g-values | x1 | x2...
1 0 +1.243670785e+07 +1.243661996e+07 +1.243661996e+07 -1.2487e+00 -2.5050e-01 +1.5222e+00 +1.3487e-01 +7.9739e-01 +5.4865e-01 -4.2045e-01 -2.1721e+00 -3.4870e-01 +2.1382e-01 -1.1752e-01 -3.8903e-01 +4.6773e-01 +5.6831e-01 +7.1310e-01 -1.2241e-01 +1.1788e+00 -6.8031e-01 +1.8718e+00 +9.7369e-01
5 0 +7.471875319e+06 +7.471787429e+06 +7.471787429e+06 -7.7754e-01 -4.5926e-01 +7.2524e-01 -4.0850e+00 +9.0354e-01 -4.6717e-01 -9.0473e-01 -2.0724e+00 -3.8100e-01 -3.5113e-01 -2.0377e-01 +1.3295e-01 +2.8120e+00 +2.5007e-01 +1.6116e+00 +1.1742e+00 +1.2242e+00 +1.4548e-01 -9.7238e-01 +9.4805e-01
6 0 +7.160799599e+06 +7.160711709e+06 +7.160711709e+06 -9.2477e-01 -1.8929e+00 -2.2409e+00 -1.7634e+00 +2.3098e+00 -1.0777e+00 -1.7777e-01 -1.5507e-01 +2.2525e-01 +9.8060e-01 +2.2208e-01 -3.7915e-01 -1.0168e+00 -4.0270e-01 +3.6125e+00 +1.1857e+00 -3.2133e-01 -7.2440e-01 -6.1175e-01 +1.6682e+00
29 0 +2.824064629e+06 +2.823976739e+06 +2.823976739e+06 +3.2749e-01 +3.7896e-01 -3.1118e+00 -1.4767e+00 +7.8513e-01 -2.9896e+00 -2.4489e+00 +1.4652e+00 -3.6082e+00 +3.5301e+00 -1.1082e-01 +5.7028e-02 -1.6229e+00 +4.4338e+00 +1.9347e+00 +2.0547e+00 +6.2701e-01 +1.2067e+00 -1.0071e+00 +2.2735e+00
40 0 +1.219710750e+06 +1.219622860e+06 +1.219622860e+06 +1.5902e+00 +1.1003e+00 -1.2538e+00 -4.7394e-01 +1.3238e+00 -2.6956e-02 -4.5851e-01 +4.9461e-01 +3.1842e+00 +1.3060e+00 +1.0148e+00 -4.4410e+00 +1.0438e+00 +7.1465e-01 -2.5884e+00 -3.6113e+00 -1.1500e+00 +1.7912e+00 -1.1585e+00 +3.3395e+00
931 0 +5.700160902e+05 +5.699282002e+05 +5.699282002e+05 +1.7002e-01 +3.8557e-01 +3.0614e+00 +1.6491e-01 -2.4872e+00 -1.7231e+00 +4.1992e-01 -3.8726e-01 -1.4610e+00 -3.9830e-01 -2.3205e+00 -4.5791e+00 +1.4490e+00 -1.9756e+00 -1.4608e+00 -1.3877e+00 -1.2561e+00 +2.4443e+00 -1.2978e+00 +2.7186e+00
% f evaluations | g evaluations | best noise-free fitness - Fopt (3.201900000000e+02) + sum g_i+ | measured fitness | best measured fitness or single-digit g-values | x1 | x2...
1 0 +5.470655736e+06 +5.470975926e+06 +5.470975926e+06 +1.1973e+00 +2.0005e-01 -1.4686e+00 +1.3335e+00 -2.5548e-01 +8.2259e-01 +1.3493e+00 +1.7659e-01 +1.2161e+00 +1.8154e-01 -6.3354e-01 +1.2079e+00 +8.1841e-01 +2.7682e-01 +3.2311e-01 +1.2758e+00 +3.0307e-01 -1.3672e-02 -3.1924e-01 +1.0397e+00
2 0 +5.114164878e+06 +5.114485068e+06 +5.114485068e+06 +1.7718e+00 -2.7215e+00 +1.9705e-01 -6.7294e-01 -2.6741e-01 +4.7939e-01 -6.9371e-01 -1.9167e+00 -2.2648e+00 +9.4979e-02 +1.1857e+00 +9.3765e-01 -2.2347e-01 +2.1779e+00 -5.7172e-01 -2.8594e-01 +1.1974e+00 +2.1863e+00 -4.8763e-02 +1.0015e+00
14 0 +4.157747965e+06 +4.158068155e+06 +4.158068155e+06 -7.8536e-01 -7.2116e-01 -7.0747e-01 -5.8023e-01 +1.9410e+00 +9.9382e-03 -2.7957e-01 -4.4137e+00 +1.4690e+00 +1.7114e+00 -1.7155e+00 -3.7834e-01 +2.3852e+00 -4.5940e-03 +3.5737e+00 +3.5728e+00 +1.0228e+00 -1.6621e+00 +1.4421e+00 +2.7530e-01
16 0 +3.739976376e+06 +3.740296566e+06 +3.740296566e+06 +8.0138e-01 +3.8851e-01 -3.6109e+00 +2.5782e-01 +2.0406e+00 +1.8296e+00 +9.4142e-01 -3.1301e+00 +9.2882e-01 +2.3905e+00 -3.5303e+00 -2.7780e+00 +1.3388e+00 -4.0045e-01 +3.8547e+00 +3.7167e+00 -6.0329e-01 -2.2740e-01 +3.8990e+00 +9.2240e-01
33 0 +2.430818440e+06 +2.431138630e+06 +2.431138630e+06 -1.1861e+00 -8.3491e-01 -4.0136e+00 +7.7969e-01 +1.3898e+00 -5.3398e-01 +2.6796e+00 -1.9543e+00 +1.5631e+00 -4.5895e-01 -1.2446e-02 +1.1668e+00 +1.5810e+00 -1.5142e+00 -1.1908e+00 +8.3174e-01 +1.1344e+00 +2.5887e+00 +3.0194e+00 +5.4717e-01
233 0 +2.199098830e+06 +2.199419020e+06 +2.199419020e+06 +6.1248e-02 -2.5245e-01 +3.4512e-01 +2.1971e+00 +6.0810e-01 -2.9601e+00 -2.0461e+00 +8.2799e-01 +2.2861e+00 +1.2715e+00 +5.8297e-01 +4.5632e-01 -2.4002e+00 +5.0231e-01 -5.9718e-02 -1.1403e-01 +4.4534e+00 -1.2110e+00 +3.5896e+00 +1.7964e+00
441 0 +2.120010294e+06 +2.120330484e+06 +2.120330484e+06 +9.5819e-01 -3.9634e+00 +3.3244e-01 -1.8340e+00 -2.4728e+00 -4.8801e+00 +2.0062e-01 -1.4747e+00 +2.6400e-01 -1.3082e+00 +1.9422e+00 +7.9435e-01 +1.8883e+00 +2.2138e-01 +6.1764e-01 -5.0422e-01 +2.2523e-01 +5.0882e-03 +2.6702e+00 +9.7958e-01
778 0 +1.178003027e+06 +1.178323217e+06 +1.178323217e+06 -4.4795e+00 +1.9572e+00 -3.6591e+00 +2.6995e-02 +2.1281e+00 +4.4774e-01 -9.0954e-01 -1.5647e+00 +3.3372e+00 +9.6155e-02 -1.0052e+00 +2.4764e+00 -2.7945e+00 -2.0419e-01 -5.5683e-01 +1.3707e+00 +1.9496e+00 +1.7144e+00 +1.9685e+00 +1.6435e+00
864 0 +8.999550831e+05 +9.002752731e+05 +9.002752731e+05 +6.5213e-01 -1.7728e+00 +1.6163e+00 -5.2571e-01 +4.1581e+00 -2.0241e+00 +4.1305e+00 -5.0207e-01 -2.5924e+00 -1.7259e+00 +2.8770e+00 +8.4404e-01 -3.9039e+00 +1.1063e+00 +4.1255e+00 +2.2142e+00 +4.3599e+00 +1.2784e+00 +2.2665e+00 +9.0459e-01
1300 0 +5.481145794e+05 +5.484347694e+05 +5.484347694e+05 -4.9903e-01 -4.5912e-01 +2.0877e+00 +4.1127e+00 +8.7534e-01 +6.1281e-01 +9.6264e-01 +1.2681e+00 -3.0090e+00 -9.6887e-01 +3.6122e+00 -5.8896e-01 -1.1016e+00 -2.6069e+00 +1.9656e+00 +1.4806e+00 +2.5203e+00 +5.9872e-01 +2.3004e+00 +1.7953e+00
% f evaluations | g evaluations | best noise-free fitness - Fopt (-1.042400000000e+02) + sum g_i+ | measured fitness | best measured fitness or single-digit g-values | x1 | x2...
1 0 +2.533768774e+07 +2.533758350e+07 +2.533758350e+07 -1.4818e-01 +5.4558e-01 -2.3802e-01 -8.6465e-01 -1.0835e-02 -7.1859e-01 +7.3823e-01 +5.1560e-01 -7.0432e-01 -1.1346e+00 -1.2157e+00 +1.6886e-01 -4.0150e-01 +6.2114e-01 -1.2043e+00 +1.9980e-01 -1.1529e+00 -1.2370e-01 +9.4120e-02 +4.6973e-01
2 0 +1.389776663e+07 +1.389766239e+07 +1.389766239e+07 +2.0033e+00 -1.7924e-01 -9.8801e-01 -4.6138e-02 +5.5934e-01 -3.6643e-01 -2.1882e+00 +7.9756e-01 +1.2867e+00 -3.2361e-01 +9.9577e-01 -6.4151e-01 -4.5849e-01 +8.2836e-01 +8.8782e-01 -8.5459e-01 -8.1625e-01 +9.4850e-01 -8.8474e-01 -1.4823e+00
3 0 +1.286454648e+07 +1.286444224e+07 +1.286444224e+07 -1.4865e+00 +3.5074e-03 +3.1144e-02 +1.2798e+00 -1.3094e+00 +8.0608e-01 +7.3139e-01 +1.9798e+00 -8.7107e-01 +1.6918e+00 -1.8809e-01 +1.7692e+00 +2.3389e+00 -1.1827e+00 +8.8551e-01 -1.2488e+00 -1.3691e+00 +1.0908e+00 +7.6142e-01 -1.6003e+00
22 0 +6.837798357e+06 +6.837694117e+06 +6.837694117e+06 +3.7155e-01 +2.6056e+00 -1.3326e+00 -4.5562e+00 +4.0391e+00 +2.7428e+00 +2.7168e+00 -4.2926e+00 -1.4022e+00 -1.1644e+00 +5.2207e-02 -2.2509e+00 +1.1629e+00 +2.3299e+00 -2.4377e+00 +2.3252e+00 +1.2410e+00 +1.5202e-01 +2.1356e+00 -4.0300e+00
24 0 +5.569178128e+06 +5.569073888e+06 +5.569073888e+06 -2.2063e+00 +2.8056e+00 +9.1241e-01 -2.7245e+00 +2.9092e+00 -2.6095e-01 +2.2428e+00 -4.0188e+00 +2.5964e+00 +1.0435e+00 -4.9117e-01 -2.0591e+00 +8.3936e-01 +8.7015e-01 -2.7981e+00 +3.9165e+00 +3.3085e+00 -1.4881e+00 +5.2849e-01 -3.0125e+00
30 0 +4.708546975e+06 +4.708442735e+06 +4.708442735e+06 +6.7779e-01 +3.9154e-01 -2.8967e+00 -4.3746e+00 +2.1870e+00 +1.8707e+00 +2.3409e+00 -1.3061e+00 -5.1530e-01 +6.9656e-01 +1.0534e+00 -1.7800e+00 +7.5088e-01 -8.4358e-01 -1.3789e+00 +1.7873e+00 +2.7627e+00 -1.5445e+00 +2.2924e+00 -3.0498e+00
167 0 +4.429158387e+06 +4.429054147e+06 +4.429054147e+06 -5.2453e-01 +4.1400e-01 +3.1864e+00 +2.6785e+00 +1.4042e+00 -2.0202e+00 +2.3054e+00 -4.5707e+00 -3.9864e+00 +1.0546e+00 +2.6428e+00 -4.0767e+00 -1.3382e+00 +9.9474e-01 -2.0338e-01 -3.6780e-01 +4.1461e-01 -2.1027e+00 -1.1891e+00 -4.3359e+00
245 0 +4.175637496e+06 +4.175533256e+06 +4.175533256e+06 -1.4941e+00 -1.8877e+00 +2.1485e+00 +1.5797e+00 +2.4904e+00 +1.0660e+00 -9.1445e-01 +7.8138e-01 -2.3702e+00 +8.2140e-01 -4.5773e-01 -2.0331e-01 +9.6164e-01 -1.2634e-01 -2.6630e+00 -2.8785e+00 +1.0764e+00 -2.5338e+00 +1.4977e+00 -2.7088e+00
254 0 +2.800100686e+06 +2.799996446e+06 +2.799996446e+06 -1.3238e+00 -1.2414e+00 +1.4274e-01 +6.4916e-01 +3.8315e+00 +2.5095e+00 -1.0542e+00 +1.6295e-01 -3.8247e+00 -7.3052e-01 -4.6694e-01 -2.0974e+00 +1.8250e+00 +1.6702e-01 -1.0097e+00 -1.2077e+00 +7.2711e-01 -1.8179e+00 +9.4522e-01 -3.3887e+00
430 0 +2.734135138e+06 +2.734030898e+06 +2.734030898e+06 -4.3514e-01 +1.6020e-01 +1.1949e+00 -1.3988e+00 +2.0227e+00 -4.2052e+00 +1.7049e+00 -7.3526e-01 +4.5092e+00 -4.3396e+00 +1.4013e+00 -4.5992e-01 +1.4401e+00 -1.6677e+00 +1.0307e+00 -2.3453e+00 +2.6168e+00 -8.6423e-01 +2.3408e+00 -3.5607e+00
930 0 +2.576659983e+06 +2.576555743e+06 +2.576555743e+06 +6.0756e-01 +1.7245e+00 +3.0808e+00 +2.6136e+00 +2.2713e+00 +2.4882e+00 -1.1863e+00 -4.2841e+00 -2.4794e+00 -2.3227e+00 +2.7178e-02 +1.8781e+00 +1.6134e+00 -4.8655e-01 -6.0171e-01 -3.7781e-01 +1.8219e+00 -7.3264e-01 -1.3786e-01 -4.1423e+00
932 0 +2.032651145e+06 +2.032546905e+06 +2.032546905e+06 +1.0681e+00 +7.0336e-03 +3.4971e+00 +3.5930e+00 +2.0601e+00 +3.2616e+00 -2.6612e-01 -2.5954e+00 -2.8727e+00 -2.2345e+00 -3.2145e+00 +2.6701e+00 +3.7096e-01 +8.1500e-01 +2.3276e+00 -1.6631e+00 +2.1546e+00 -1.0411e+00 +1.6272e+00 -3.6733e+00
933 0 +1.992932150e+06 +1.992827910e+06 +1.992827910e+06 +1.4964e-01 +4.6763e-01 +4.0843e+00 +1.1553e+00 +2.7268e+00 +2.9614e+00 -1.0019e+00 -2.9608e+00 -4.6913e+00 -2.3768e+00 -2.9888e-01 -6.6531e-02 -3.7779e-01 +2.0775e-01 -1.4135e-01 -1.6591e+00 +3.2730e+00 -1.5662e+00 +1.4818e+00 -4.7829e+00
934 0 +1.500047495e+06 +1.499943255e+06 +1.499943255e+06 +2.4581e+00 +1.1707e+00 +4.3681e+00 +1.8735e+00 -3.5178e-01 +3.7874e+00 -2.5423e+00 -2.5854e+00 -2.2202e+00 +1.5362e+00 -1.3306e+00 +2.1447e+00 +1.6010e+00 +9.2342e-02 -3.0439e-01 -5.7226e-01 +3.3332e+00 -1.4981e+00 +9.2835e-01 -3.6859e+00
1050 0 +1.445883541e+06 +1.445779301e+06 +1.445779301e+06 +1.6565e+00 +6.2154e-01 -1.8046e+00 -3.3968e+00 -1.5126e+00 -9.5052e-02 +2.6546e+00 +2.5248e-01 -3.6287e+00 +4.5972e-01 +1.0031e+00 -4.0872e+00 +1.0920e+00 -1.0652e+00 -7.7285e-01 -1.6442e+00 +3.8344e+00 -2.4375e+00 +7.1013e-01 -3.1641e+00
1051 0 +1.295028110e+06 +1.294923870e+06 +1.294923870e+06 -9.6373e-01 +2.4472e+00 -2.5739e+00 -1.9677e+00 -4.6755e-01 +1.5655e-01 +2.0832e+00 -1.2944e+00 -1.7079e+00 +2.4366e+00 +2.7853e+00 -4.5064e+00 +1.9987e-02 -3.0108e+00 +2.4840e+00 -2.2197e+00 +4.2645e+00 -2.3129e+00 +9.1813e-01 -2.9826e+00
1734 0 +1.020863239e+06 +1.020758999e+06 +1.020758999e+06 -1.4863e+00 +1.9604e+00 +8.6495e-01 +1.0036e+00 -3.5519e-01 +3.1350e+00 -3.3998e+00 -1.3958e+00 -1.8543e-01 +1.7929e+00 +1.3341e+00 -5.7255e-02 -2.5817e+00 -2.3368e+00 +4.3756e+00 -2.0754e+00 +2.6853e+00 -3.2536e+00 -2.8029e-01 -3.4438e+00
% f evaluations | g evaluations | best noise-free fitness - Fopt (-6.785000000000e+01) + sum g_i+ | measured fitness | best measured fitness or single-digit g-values | x1 | x2...
1 0 +1.214064216e+07 +1.214057431e+07 +1.214057431e+07 +1.0105e+00 +3.0134e-01 +1.5357e-01 +2.4095e+00 -1.8091e+00 -2.3970e-01 +2.9594e-01 -1.0997e+00 -2.5834e-01 -1.0775e+00 -9.3940e-01 -1.4346e+00 -8.1438e-02 -1.7177e+00 +3.4189e-02 -1.1149e+00 -1.1122e+00 +6.8647e-01 +1.7996e+00 -1.1160e-01
8 0 +1.172923677e+07 +1.172916892e+07 +1.172916892e+07 +8.0298e-01 -9.5314e-01 +5.4746e-01 +6.8106e-01 -1.4582e-01 +6.2395e-01 -5.3096e-01 +1.4935e+00 +2.2356e-01 +9.7461e-01 -1.6692e+00 +4.6466e-01 -1.2232e+00 -2.0815e+00 -1.2963e+00 -1.4563e+00 -5.2586e-01 +1.3986e+00 +1.1810e+00 +6.2381e-01
10 0 +6.164751776e+06 +6.164683926e+06 +6.164683926e+06 +9.1715e-01 -5.0320e-01 +1.8307e+00 +8.8537e-01 +3.3896e-01 -2.0408e-02 +1.1002e-01 -8.6928e-01 +1.0329e+00 -1.0995e+00 -1.0224e+00 -4.7602e-01 +9.2629e-01 -3.5641e-02 +1.0551e+00 -5.7167e-01 -3.7211e+00 -1.9818e-01 +9.3457e-01 +2.5924e+00
13 0 +4.766384286e+06 +4.766316436e+06 +4.766316436e+06 -1.9583e+00 -1.4150e+00 -2.1056e+00 +4.4812e+00 +4.6841e-01 -7.3768e-01 -1.8630e+00 -9.6231e-01 -8.2808e-01 -3.1996e+00 -4.3810e+00 -2.3854e+00 -1.3699e+00 +4.2377e+00 +1.1158e+00 +3.0623e+00 +1.4132e-01 -1.1958e+00 +1.6698e+00 +2.0652e+00
49 0 +3.830664039e+06 +3.830596189e+06 +3.830596189e+06 +2.3107e+00 -4.4011e-01 +2.7843e+00 +1.9197e+00 -1.2782e+00 +2.5435e+00 +1.4637e+00 +1.1469e+00 +2.5259e+00 -9.5498e-01 -1.7913e+00 -3.5118e+00 +4.1226e-01 +2.0310e+00 -6.4518e-01 +1.1347e+00 -2.8165e-01 +6.5363e-01 +3.3703e+00 +2.2056e+00
105 0 +3.647267715e+06 +3.647199865e+06 +3.647199865e+06 +2.2827e+00 -4.6213e-02 -6.5251e-01 +1.7136e-01 +1.1586e-01 -2.2113e+00 +1.4130e+00 -2.9411e-01 -1.8406e+00 -3.5343e-01 +1.2871e+00 -2.1040e+00 -3.4307e+00 -8.0434e-01 +2.8514e+00 +9.8470e-01 +1.8323e+00 -4.3340e+00 +2.7205e+00 +2.6273e+00
116 0 +3.357354581e+06 +3.357286731e+06 +3.357286731e+06 +1.1009e+00 -1.2224e-01 +2.1598e-01 +6.8719e-01 -1.6382e+00 -1.2959e+00 +7.8515e-01 -2.1620e+00 +4.9847e+00 -6.1508e-01 -1.6952e-01 +5.9650e-01 -1.7913e-01 -2.6225e-01 -1.6521e-01 +2.9768e+00 -3.6378e-01 -9.6822e-01 +4.7682e+00 +1.8869e+00
304 0 +3.289262968e+06 +3.289195118e+06 +3.289195118e+06 -2.1769e+00 -7.9173e-01 +3.5277e+00 +3.0874e+00 -3.0495e-01 +1.0994e+00 +3.0966e-01 +2.8355e+00 -2.9468e+00 +1.3694e+00 +4.9028e+00 +1.1214e+00 -9.1959e-01 +3.9472e+00 +6.5028e-01 +2.0632e+00 -4.3248e+00 -8.7302e-01 +2.7702e+00 +1.9995e+00
427 0 +2.392608337e+06 +2.392540487e+06 +2.392540487e+06 +2.7974e+00 -1.8042e+00 -6.6956e-01 +8.4461e-01 +1.2101e+00 -9.4165e-01 +3.1267e+00 +1.6496e+00 -1.1559e+00 -6.5981e-01 +1.6533e+00 +3.8521e-01 +1.6213e+00 -2.5876e-01 -3.5802e+00 -6.0436e-01 -6.8085e-01 -7.6624e-01 +3.8255e+00 +1.7036e+00
450 0 +2.053969427e+06 +2.053901577e+06 +2.053901577e+06 -3.2453e+00 -1.0985e+00 +8.5510e-02 +3.3814e+00 +7.6169e-01 -4.6997e-01 -7.8786e-01 -4.0326e+00 -4.6111e-01 -3.8326e+00 +3.9408e+00 -1.9336e+00 +2.9020e+00 +1.1304e-01 -1.0967e-01 +2.8033e-01 -3.0530e+00 -1.8019e+00 +2.3660e+00 +2.5744e+00
519 0 +4.423611823e+05 +4.422933323e+05 +4.422933323e+05 -3.3023e+00 -3.5694e+00 -1.4906e+00 -1.5340e+00 -3.3856e+00 -2.9645e+00 -6.1819e-01 +2.3511e+00 +4.5694e+00 -1.6861e+00 -4.0358e-01 +1.2811e-01 -8.8031e-01 +2.9173e-02 -2.3255e+00 -2.6882e-01 -4.2996e-01 -2.6227e+00 +3.3760e+00 +2.5241e+00
% f evaluations | g evaluations | best noise-free fitness - Fopt (-3.639800000000e+02) + sum g_i+ | measured fitness | best measured fitness or single-digit g-values | x1 | x2...
1 0 +1.048795395e+07 +1.048758997e+07 +1.048758997e+07 +1.4179e+00 +6.9186e-01 -3.5638e-01 -1.3779e-01 +7.2014e-01 -6.6510e-01 -1.0473e+00 -5.4282e-01 +3.3205e-01 -3.3251e-01 -2.4424e+00 +1.5821e-01 -1.7699e-01 -4.7646e-01 -5.2747e-01 -1.0917e-01 +6.1505e-01 +1.5652e+00 +1.2206e+00 +3.2814e-01
4 0 +7.430080004e+06 +7.429716024e+06 +7.429716024e+06 -7.8865e-01 +7.2097e-01 +5.7606e-01 -2.1243e+00 -1.4665e+00 -9.7041e-01 -4.3918e-03 -3.8011e-01 +1.9398e+00 -1.2728e+00 -1.1572e+00 -1.6447e-01 +2.0402e-01 +6.5865e-02 +1.0802e+00 -9.8912e-01 +1.2400e+00 -1.8916e-01 +1.5566e-01 +1.7241e+00
5 0 +7.002978567e+06 +7.002614587e+06 +7.002614587e+06 -6.4551e-01 +7.6814e-01 -4.2097e-01 -1.0968e-01 -6.8971e-01 +1.5051e+00 -1.7948e-01 +4.0282e-01 -1.5657e-01 +9.3893e-01 -3.4226e-01 +8.9082e-01 +2.3141e-01 -4.9197e-01 -2.7639e-01 -1.0276e+00 -2.1139e-01 +4.7777e-02 +5.7563e-01 +1.3438e+00
7 0 +6.353595038e+06 +6.353231058e+06 +6.353231058e+06 -9.6774e-01 +3.6748e-01 +2.6148e-02 -9.4880e-01 +8.7648e-01 -5.8661e-01 -1.3421e+00 +1.6834e+00 -1.1367e+00 +3.7782e-01 -5.0760e-01 +1.0800e+00 -8.9985e-01 +2.5715e+00 +2.6711e-01 +5.4737e-01 -1.1857e+00 +1.1386e+00 -4.6484e-01 +1.0177e+00
43 0 +3.742210992e+06 +3.741847012e+06 +3.741847012e+06 +3.2094e+00 -3.1811e+00 -1.3384e+00 -1.0329e+00 +4.0053e+00 +1.9501e+00 -3.6155e+00 +1.2123e+00 +7.1958e-01 -2.7751e+00 +9.2526e-01 -8.7897e-01 +2.3061e+00 -3.6204e+00 +1.3214e+00 -3.4076e+00 +7.5308e-01 +1.7310e+00 -2.2212e-01 +2.7584e+00
73 0 +2.054446829e+06 +2.054082849e+06 +2.054082849e+06 +2.8303e+00 +3.1195e-01 +9.6264e-01 +9.0241e-01 +1.7688e+00 -7.6989e-01 -1.2989e-01 +7.2648e-01 -1.7044e+00 -2.0388e-01 +5.6649e-02 +1.6600e+00 -1.5055e+00 +5.9031e-01 -8.4530e-01 +1.1926e+00 -3.8697e+00 +2.2737e+00 -9.9585e-01 +3.3534e+00
305 0 +1.712799344e+06 +1.712435364e+06 +1.712435364e+06 -1.5758e+00 -1.1259e+00 +3.9483e+00 -2.0706e+00 -3.1926e+00 +4.1239e-02 +1.1713e+00 +2.0067e+00 +7.4638e-01 +2.6657e+00 +1.4036e+00 +2.6192e+00 +6.3347e-01 +1.9207e+00 +1.4986e+00 +7.0624e-01 -1.9172e+00 +2.2783e+00 -3.4474e-01 +2.8114e+00
482 0 +1.156885031e+06 +1.156521051e+06 +1.156521051e+06 +2.6164e+00 -2.7787e-01 -1.3592e+00 +9.1838e-01 +2.0006e+00 -2.6692e+00 +1.4993e+00 -3.3207e-01 -8.9084e-02 +1.6554e+00 +8.3439e-01 +2.8276e+00 -2.3918e+00 +1.7622e+00 +2.6275e-03 -1.0922e+00 -1.8646e+00 +3.9468e+00 -6.5877e-01 +2.9021e+00
872 0 +8.738024247e+05 +8.734384447e+05 +8.734384447e+05 +3.8264e+00 -4.6898e+00 +2.8032e-01 +2.7026e+00 +2.1299e+00 +3.3402e+00 +1.5238e+00 -1.8165e+00 -1.0738e-01 -3.5750e+00 +2.9476e+00 +2.1242e+00 -3.6007e-01 -7.9754e-01 -2.5572e+00 -1.5737e+00 -2.3763e+00 +2.6245e+00 +1.2617e-01 +2.8991e+00
% f evaluations | g evaluations | best noise-free fitness - Fopt (-1.865000000000e+01) + sum g_i+ | measured fitness | best measured fitness or single-digit g-values | x1 | x2...
1 0 +8.654155608e+06 +8.654136958e+06 +8.654136958e+06 +1.1944e-01 +1.2062e+00 -8.8761e-01 +1.0618e+00 -1.8376e-02 +4.0293e-01 -9.4976e-01 +1.0006e+00 +4.1251e-01 +1.5016e+00 -3.5184e-01 -4.6473e-01 -8.0118e-01 +6.4890e-01 -1.5417e-02 -4.9000e-01 +6.4990e-01 +1.7170e+00 +1.1953e+00 -4.7204e-01
2 0 +6.133108250e+06 +6.133089600e+06 +6.133089600e+06 -1.0563e+00 +2.4710e-01 +1.8458e+00 -8.5608e-01 +1.3158e+00 +9.8230e-01 +8.6779e-01 +5.4580e-01 -4.4326e-01 -1.1527e+00 -1.0995e+00 +6.2998e-01 -1.0876e+00 -1.8108e-01 +5.6750e-01 -5.4015e-01 +1.9106e-01 +1.2979e+00 -1.2670e+00 +2.6257e-02
5 0 +5.368578510e+06 +5.368559860e+06 +5.368559860e+06 -1.6092e+00 +2.3667e-01 -8.2675e-01 +2.2670e-01 -6.8758e-01 -1.0099e+00 -3.3097e-01 -1.5475e-01 -1.5675e-01 +7.5160e-01 -8.4912e-01 +4.4644e-01 +1.7561e+00 -2.7667e-01 -1.6533e+00 -4.0860e-01 -5.3233e-01 -9.4493e-02 +9.3797e-01 +1.1272e+00
6 0 +5.163814635e+06 +5.163795985e+06 +5.163795985e+06 -1.1138e-01 +1.0330e+00 +1.1263e+00 -4.3908e-01 +5.3594e-01 -7.9875e-01 -2.8575e+00 +1.4211e+00 -1.0952e+00 -1.9983e-01 -4.4428e-01 +1.0386e+00 -2.9842e-01 -6.9152e-01 -1.6387e+00 -6.3396e-01 +7.2546e-01 +6.5090e-02 +1.2985e+00 +4.5388e-01
8 0 +3.442585467e+06 +3.442566817e+06 +3.442566817e+06 +1.5210e+00 -1.8931e-02 +7.6668e-02 +1.0104e-01 +2.0493e-02 +2.9845e-01 -1.8509e+00 -2.0794e+00 +5.8504e-01 -5.2517e-01 -1.2662e+00 -8.5188e-01 +2.7249e-01 -3.5821e-01 +2.3620e+00 +2.1015e+00 +1.1471e+00 -1.9572e+00 +1.6415e-01 -6.0289e-01
85 0 +1.121273397e+06 +1.121254747e+06 +1.121254747e+06 +2.3633e+00 +1.5806e+00 -1.8882e+00 +2.1366e-01 +2.5694e-01 +3.7668e+00 +4.2762e+00 -1.2794e+00 +8.9644e-01 -1.8400e+00 +6.9687e-01 +1.1527e+00 +1.9109e+00 -2.0826e-01 -6.0930e-02 -7.7747e-01 +2.7822e+00 -4.1661e+00 +1.4472e-01 -5.1573e-02
1249 0 +9.074732427e+05 +9.074545927e+05 +9.074545927e+05 -6.9444e-01 +1.2885e-01 +8.4897e-01 +2.0188e+00 -1.5926e+00 -1.3577e+00 -1.3260e+00 +1.7743e+00 +2.1789e+00 +4.1100e+00 +6.6647e-01 -2.2251e-01 +9.3184e-01 -2.5406e+00 -9.7692e-01 -1.3456e+00 +1.7115e+00 -2.5585e+00 -1.1051e+00 +1.4035e-01
1497 0 +4.674754050e+05 +4.674567550e+05 +4.674567550e+05 +3.3825e+00 +6.4527e-01 -3.8088e+00 +1.0180e+00 -4.9634e+00 -4.4770e-01 +3.6034e+00 -1.9275e+00 -1.1683e+00 -2.6600e+00 +1.2542e+00 -1.1028e+00 +2.8905e+00 +1.9490e+00 +3.0242e+00 -3.0419e+00 +2.4925e+00 -3.0678e+00 -3.8492e-01 +9.7627e-01
1500 0 +4.183583368e+05 +4.183396868e+05 +4.183396868e+05 +1.9241e+00 +8.7787e-01 -2.8194e+00 +2.8276e+00 -4.0431e+00 +1.3021e-02 +2.2311e+00 -2.4267e+00 -9.6532e-01 -2.3382e+00 +1.0635e+00 -6.1907e-01 +8.1368e-01 +2.7381e+00 +6.6321e-01 -2.8996e+00 +1.5251e+00 -4.1106e+00 -8.0695e-01 +5.5240e-01
% f evaluations | g evaluations | best noise-free fitness - Fopt (1.749200000000e+02) + sum g_i+ | measured fitness | best measured fitness or single-digit g-values | x1 | x2...
1 0 +3.009883463e+07 +3.009900955e+07 +3.009900955e+07 -9.6419e-01 +4.7637e-01 +1.9650e-01 +6.2875e-01 -1.7124e+00 -5.4031e-01 -3.4048e-01 -6.3180e-01 +2.3315e-01 +1.0577e+00 +6.3090e-01 -4.9373e-01 +9.6750e-01 -1.0608e+00 +1.7066e+00 -2.7870e+00 -9.0086e-02 -2.6674e-01 +1.1194e+00 +1.5735e+00
2 0 +2.489083756e+07 +2.489101248e+07 +2.489101248e+07 -2.2593e-01 +1.2608e+00 +9.8198e-01 +1.0047e+00 +1.5712e-01 -2.8407e-01 -1.2720e+00 +6.6363e-02 -1.2544e+00 -2.7635e-01 +4.1655e-02 -9.8823e-01 +1.5941e+00 +3.3364e-01 +1.0858e+00 +5.1553e-01 +8.8451e-01 +1.5137e+00 -5.5634e-02 +6.2241e-01
3 0 +1.008603426e+07 +1.008620918e+07 +1.008620918e+07 -1.5630e+00 -1.1850e+00 -3.7830e-01 -1.0562e+00 +7.5482e-01 -5.9156e-01 -1.1136e+00 -6.4998e-01 +4.7221e-01 -4.0154e-01 +1.0260e-01 -6.1699e-01 +5.7714e-01 +8.1647e-01 -3.8326e-02 -1.0309e+00 +4.6306e-01 -2.5767e-01 +4.3426e-01 -1.2495e+00
6 0 +9.583811804e+06 +9.583986724e+06 +9.583986724e+06 -4.8077e-01 -9.5069e-01 -8.3926e-01 +5.0029e-02 +1.2601e-01 +6.1236e-02 -1.4511e-01 -3.6350e-01 -8.3265e-01 -1.8454e-01 -1.4337e+00 +3.5007e-01 -5.9031e-01 -6.6724e-01 -3.9743e-01 +9.5690e-02 +2.2498e+00 -9.7466e-01 +2.4318e-01 -9.9485e-01
7 0 +9.184429827e+06 +9.184604747e+06 +9.184604747e+06 +1.8442e-01 -7.6281e-01 -2.3218e-01 -1.3703e+00 -1.2662e+00 -9.8946e-01 +4.3443e-01 -1.4195e+00 -2.2615e-01 +4.3634e-01 -1.5098e-01 -4.6724e-01 +1.9072e+00 +5.4345e-01 +4.8627e-01 -4.3687e-01 -3.5367e-01 -1.3449e+00 +1.8627e+00 -1.1444e+00
13 0 +3.429491962e+06 +3.429666882e+06 +3.429666882e+06 +1.1208e+00 +1.0514e+00 -3.3837e-01 -2.8271e+00 +9.5034e-01 +2.6970e+00 +6.0059e-04 -1.4957e+00 -2.4215e+00 +3.5876e+00 -2.5497e+00 -4.1901e-01 -1.2337e-02 +2.3930e+00 -2.3581e+00 +1.4519e+00 -5.0985e-01 -1.4539e+00 +2.4448e+00 -3.2643e+00
26 0 +2.714293111e+06 +2.714468031e+06 +2.714468031e+06 +1.1791e+00 +2.7639e+00 -3.2139e+00 -4.8970e-01 +9.2036e-01 -1.2456e+00 -3.6096e+00 +5.9744e-01 +1.7150e+00 -4.9712e-01 +5.4396e-01 +2.6617e+00 -2.8101e+00 +2.7049e+00 -2.4865e+00 -7.1351e-03 +3.3360e+00 -2.4388e+00 -3.3379e-02 -4.0224e+00
136 0 +2.252328667e+06 +2.252503587e+06 +2.252503587e+06 -2.5614e-01 -4.2366e-01 -3.5339e+00 -7.0640e-01 -3.0146e-01 -2.7153e+00 -1.1302e+00 -2.8936e-01 +8.2530e-01 -4.5244e-01 +1.3705e+00 +4.8816e+00 -6.9698e-01 +9.2429e-01 +1.6283e+00 +6.5951e-02 +3.4983e+00 -2.3303e+00 +1.7226e+00 -2.3143e+00
138 0 +1.142846386e+06 +1.143021306e+06 +1.143021306e+06 +2.2532e-01 -1.6467e+00 -3.4250e+00 -3.5489e-01 +7.8279e-01 -3.1297e+00 +1.3217e-01 +1.4391e+00 +1.0555e+00 -2.4708e+00 +3.2513e+00 +4.5388e+00 +1.0986e+00 +2.7326e+00 +2.1361e+00 -6.7033e-01 +2.3125e+00 -3.0904e+00 +2.5444e+00 -3.2629e+00
489 0 +6.699971883e+05 +6.701721083e+05 +6.701721083e+05 -1.3134e-01 +4.9177e+00 +2.1529e+00 +5.5695e-01 -8.1405e-01 -3.0668e+00 -6.7238e-01 -2.1121e+00 -9.7043e-01 +4.3203e+00 +1.4403e+00 +3.6381e+00 -2.3290e+00 -3.9510e+00 +1.5946e+00 +7.2143e-01 +2.7010e+00 -1.6182e+00 +1.4149e+00 -3.9357e+00
% f evaluations | g evaluations | best noise-free fitness - Fopt (-5.659600000000e+02) + sum g_i+ | measured fitness | best measured fitness or single-digit g-values | x1 | x2...
1 0 +4.350856718e+06 +4.350290758e+06 +4.350290758e+06 +1.4251e-01 +7.1719e-01 +9.1565e-02 -1.2960e+00 -3.3976e-01 +3.4740e-01 +1.1185e+00 +8.3909e-01 +1.2716e+00 -5.9215e-01 +6.3510e-01 +1.9956e-01 +3.2676e-01 -1.3866e+00 +1.3654e-01 -6.1507e-01 +2.0596e+00 +2.2033e+00 +8.3397e-01 +2.9924e+00
41 0 +3.503924606e+06 +3.503358646e+06 +3.503358646e+06 +1.9684e+00 +2.4596e+00 -1.1763e+00 -4.1035e-01 -2.1440e+00 -7.5704e-01 +1.4196e+00 -1.4809e+00 +2.9241e+00 +4.4653e-01 -5.4644e-01 -2.7118e+00 -1.9383e+00 -2.8044e+00 +7.4601e-01 -5.8263e-01 -2.3489e-01 +2.1737e+00 +2.1077e+00 +2.7633e+00
43 0 +3.176398200e+06 +3.175832240e+06 +3.175832240e+06 +3.1959e+00 +1.2335e+00 -1.5184e+00 +2.2904e-01 -1.8738e+00 -1.6070e-01 +2.5433e+00 -1.3513e+00 +1.6175e+00 +8.6546e-01 +2.9663e+00 -2.7452e+00 -4.1620e+00 -4.1359e+00 +1.3495e+00 -5.7984e-01 -5.9342e-01 +1.0587e+00 +1.6344e+00 +1.4390e+00
102 0 +2.293634424e+06 +2.293068464e+06 +2.293068464e+06 -4.5841e+00 -3.1460e+00 +1.2057e-01 +4.1342e+00 +3.5264e-01 -1.6476e+00 -2.5833e-02 -2.6049e+00 +2.6618e-01 -1.3144e+00 -4.5698e+00 -2.9731e+00 +1.0926e+00 +2.6342e+00 +3.1078e-01 -2.0918e+00 +4.0080e-01 +8.6571e-01 +2.1547e+00 +1.6623e+00
180 0 +1.442090974e+06 +1.441525014e+06 +1.441525014e+06 -4.7923e+00 +2.2019e-01 -1.6405e+00 +1.2361e+00 +2.9972e+00 -4.0789e-01 -2.2759e+00 +1.4461e+00 +3.1928e+00 -4.1297e+00 +5.9138e-03 -9.4051e-02 +1.7883e+00 +2.8391e+00 -1.4670e+00 -3.9383e+00 +1.0733e+00 +3.8017e-01 +4.4894e-01 +2.4479e+00
181 0 +1.024166466e+06 +1.023600506e+06 +1.023600506e+06 -1.6143e+00 +1.2157e+00 -2.6222e+00 +8.0830e-01 +2.9653e+00 -2.8695e-01 -3.7158e+00 +3.8838e-01 +4.5323e+00 -4.8434e+00 -6.1645e-01 +9.7630e-02 +4.5051e-01 +3.7853e+00 -1.4226e+00 -2.9496e+00 -1.4553e+00 -7.0973e-01 +4.7568e-01 +1.7028e+00
1554 0 +9.674625537e+05 +9.668965937e+05 +9.668965937e+05 -5.7595e-01 +1.4254e+00 -1.6532e+00 +8.0171e-02 +6.3877e-01 -6.2216e-01 -9.7230e-01 +2.5969e+00 -3.4728e-01 +1.1940e+00 +1.9207e+00 -3.3157e-01 -9.8779e-01 +2.1450e+00 +7.9975e-01 -3.2208e+00 -2.1981e+00 -1.8327e+00 +1.3065e+00 +1.9385e+00
1629 0 +8.502568564e+05 +8.496908964e+05 +8.496908964e+05 +1.4737e+00 -1.3453e+00 +1.0298e+00 +1.0355e+00 -4.4986e+00 -1.2666e-01 -9.2747e-01 +2.0653e+00 +1.1776e+00 -2.3938e+00 -2.8991e-01 -3.1842e+00 +1.0304e+00 +4.5326e+00 -2.8903e+00 -3.5042e+00 -2.1087e+00 -3.5294e-01 +5.5501e-01 +2.8699e+00
1631 0 +7.802926457e+05 +7.797266857e+05 +7.797266857e+05 +4.3276e+00 -1.9490e+00 -1.7591e+00 +1.9458e+00 -4.0352e+00 +1.5600e+00 +2.5264e-01 +2.6140e+00 +2.6888e+00 +1.9984e-01 -2.3775e-01 +1.4228e-01 +1.1081e+00 +2.4716e+00 -1.8274e+00 -2.9498e+00 -2.2521e+00 -2.4663e-01 +2.0706e-01 +2.3343e+00
% f evaluations | g evaluations | best noise-free fitness - Fopt (7.095000000000e+01) + sum g_i+ | measured fitness | best measured fitness or single-digit g-values | x1 | x2...
1 0 +8.815523784e+06 +8.815594734e+06 +8.815594734e+06 -2.2478e-01 -1.1743e+00 +2.3508e+00 +1.2085e+00 +2.9517e-01 +9.8440e-01 +2.8323e-01 +1.5706e+00 +7.1888e-01 -8.3852e-01 +3.8105e-01 +1.0482e+00 -4.4693e-01 +1.5683e+00 +8.5804e-02 +2.8762e-01 +1.6745e+00 +8.1265e-01 +3.6631e-01 -4.9676e-01
2 0 +4.830975340e+06 +4.831046290e+06 +4.831046290e+06 +9.3155e-01 -4.7677e-01 -7.8697e-01 +1.0883e+00 -1.2064e+00 +3.3332e-01 +1.0224e-01 -1.0678e+00 -2.1898e-01 +1.0531e-01 +1.6434e-01 -1.1824e+00 -5.5252e-01 +4.3108e-02 -3.7886e-01 -4.5884e-01 -1.4029e+00 +3.9131e-01 -1.0878e-01 +9.9016e-01
4 0 +3.607192567e+06 +3.607263517e+06 +3.607263517e+06 -1.4485e+00 +4.9057e-01 +6.3704e-01 +5.2141e-01 +1.7523e+00 +9.5945e-01 +4.1769e-01 +3.0695e-02 +1.3833e-01 +4.1330e-01 +9.9256e-01 -7.0794e-01 -1.6014e-01 +9.1605e-01 +6.6667e-02 +6.8780e-01 +2.5189e-02 +6.7329e-01 -3.2660e-01 +1.0625e+00
22 0 +3.008450540e+06 +3.008521490e+06 +3.008521490e+06 -2.4522e+00 -3.8511e+00 -2.1987e+00 -8.9111e-01 -6.6289e-01 +1.2132e+00 -6.9204e-01 +1.3483e+00 +2.7363e-01 -1.5241e+00 -8.8766e-01 +1.1614e+00 -2.6612e+00 +1.3111e+00 -2.4506e+00 +2.1710e+00 -1.1717e-01 +2.5544e+00 +5.5362e-01 +1.7319e+00
34 0 +2.727158021e+06 +2.727228971e+06 +2.727228971e+06 +1.5294e+00 -1.8701e-01 -5.7870e-01 -7.3678e-01 +4.9576e-01 +8.7177e-01 +8.9433e-01 +2.0082e+00 +1.1606e+00 +9.2076e-01 -1.3721e-03 -1.6347e+00 +2.1759e+00 +7.6824e-01 +1.6882e+00 +3.3714e-01 +1.0210e+00 +2.0879e+00 +4.2478e-01 +1.7556e+00
35 0 +2.077418937e+06 +2.077489887e+06 +2.077489887e+06 +1.1515e+00 -2.8360e+00 -1.0215e+00 -8.9520e-01 +2.4849e+00 +8.2554e-01 -7.0960e-01 +1.5712e+00 -2.0538e+00 +3.6019e+00 +4.6824e-01 -1.1910e+00 -1.1039e+00 +1.9433e+00 +1.7340e+00 +2.3044e-01 +1.9711e+00 +3.1289e+00 -2.4581e-01 +1.4721e+00
89 0 +1.873746603e+06 +1.873817553e+06 +1.873817553e+06 +1.3747e+00 -2.2269e+00 -2.2568e+00 -5.1399e-01 +7.6807e-01 +3.0645e+00 +3.4147e+00 -2.9559e+00 +3.7673e-01 -3.1847e+00 +1.4978e+00 +1.0860e+00 +8.6477e-01 -1.8570e+00 +3.0297e-01 +1.0782e+00 +7.5372e-01 +1.2989e+00 -7.3071e-01 +2.2739e+00
454 0 +1.182664299e+06 +1.182735249e+06 +1.182735249e+06 -1.2900e+00 +1.1264e+00 +2.4525e+00 -4.9579e+00 -3.1144e+00 +1.9044e-01 +8.3631e-02 +5.3093e-01 +3.5140e-01 +1.2625e+00 -1.1011e+00 -3.9988e+00 -1.4193e+00 -5.6166e-01 -2.2626e+00 +1.5909e+00 +3.1753e+00 +2.3159e+00 -4.8776e-01 +1.7904e+00
457 0 +9.753466184e+05 +9.754175684e+05 +9.754175684e+05 -1.2686e+00 +5.0990e-01 +1.6409e+00 -3.5479e+00 -2.6034e+00 -1.1075e+00 -1.5479e+00 -8.4750e-01 +3.9259e-01 +2.3343e+00 -2.7644e+00 -1.5340e+00 -8.6825e-01 +1.0943e+00 -3.3345e+00 +9.5999e-01 +1.9510e+00 +2.7750e+00 -3.1192e-01 +1.9213e+00
1698 0 +7.315922412e+05 +7.316631912e+05 +7.316631912e+05 -2.7765e+00 +2.1300e+00 -1.6202e+00 +1.1162e+00 +2.4426e+00 -9.8735e-01 +1.7884e-02 -4.8308e+00 +5.6682e-01 +2.2627e+00 +7.9551e-01 +1.1294e+00 +3.0508e-02 -1.0344e+00 -1.0777e+00 -1.6850e+00 -1.4577e-01 +3.2873e+00 -1.3965e+00 +2.0243e+00
% f evaluations | g evaluations | best noise-free fitness - Fopt (4.728000000000e+01) + sum g_i+ | measured fitness | best measured fitness or single-digit g-values | x1 | x2...
1 0 +2.295346319e+06 +2.295393599e+06 +2.295393599e+06 -3.7144e-01 +1.2921e+00 +3.4762e-01 -8.9446e-02 +3.4775e-01 +1.0067e+00 +4.1993e-01 -8.1785e-01 +4.9235e-01 +6.2598e-01 +2.4612e+00 -7.1847e-01 -1.0204e+00 -4.8398e-01 -1.7796e+00 +6.2567e-01 -1.3648e+00 -7.5424e-01 +1.0303e+00 +1.2814e+00
15 0 +2.071595429e+06 +2.071642709e+06 +2.071642709e+06 -2.9541e+00 -1.2715e+00 +2.2105e+00 +1.3395e+00 +1.9877e+00 -2.2725e+00 +4.3361e-01 +1.0264e+00 -1.3352e+00 +1.7737e+00 +4.3645e+00 -6.5738e-01 +7.3457e-01 -1.6171e+00 +2.0861e+00 -1.5417e+00 -3.2731e-01 +3.7088e-03 +3.3983e+00 +9.6793e-01
113 0 +1.520195491e+06 +1.520242771e+06 +1.520242771e+06 +7.7419e-01 +1.8311e+00 -3.0168e+00 -2.6326e-01 -1.0723e+00 -1.2406e+00 -4.2210e+00 +2.1312e+00 -1.0277e-01 -2.5656e+00 -2.1253e+00 +8.4337e-01 +1.0588e+00 +1.9348e+00 -1.9998e+00 -4.1317e+00 +1.1592e+00 -8.5908e-01 +2.4964e+00 +3.2495e-01
380 0 +7.318919322e+05 +7.319392122e+05 +7.319392122e+05 -1.8283e+00 +2.0408e+00 -3.1788e+00 -2.3428e+00 -2.0600e+00 -5.3018e-01 -2.1624e+00 +2.5167e-02 +1.5033e-01 -2.9471e+00 -1.0613e+00 -2.4856e+00 -1.2005e-01 -2.6717e-01 +7.1532e-01 -1.2705e+00 -2.8289e+00 -1.8557e+00 +2.7461e+00 +9.5857e-01
1446 0 +6.454329613e+05 +6.454802413e+05 +6.454802413e+05 -3.1827e+00 +4.5154e+00 -4.4256e-02 +2.0219e+00 +1.6059e+00 +9.1361e-01 +2.5333e+00 +2.2031e+00 +3.9555e-01 -3.5321e-01 +8.7136e-01 +3.7668e+00 +1.6449e+00 +1.5285e+00 -2.9878e+00 -3.7698e+00 -1.0401e+00 -1.5563e+00 +2.1793e+00 +4.6009e-01
% f evaluations | g evaluations | best noise-free fitness - Fopt (-5.688800000000e+02) + sum g_i+ | measured fitness | best measured fitness or single-digit g-values | x1 | x2...
1 0 +1.339064525e+07 +1.339007637e+07 +1.339007637e+07 -2.4404e-01 +6.2484e-01 +1.3360e+00 +3.5260e-01 -1.6243e+00 -9.5874e-01 +1.1603e+00 +1.1265e+00 -4.4119e-01 +3.8054e+00 -1.2999e+00 -1.5618e-01 +4.4912e-01 +3.9149e-01 +1.8733e+00 +1.9598e+00 -5.3599e-01 -9.7723e-01 -6.4669e-01 +2.7015e-01
2 0 +5.677276186e+06 +5.676707306e+06 +5.676707306e+06 -9.3144e-01 -2.8683e-01 -2.0476e+00 +2.8306e-01 +9.6052e-02 +9.4628e-03 +2.6594e-01 -1.1305e+00 +1.7426e-01 -3.1092e-01 +4.9535e-01 +6.1777e-01 -1.6549e-01 -1.0476e+00 +7.3619e-02 -1.6379e+00 -3.9913e-01 -2.5186e-01 +1.0084e+00 -9.9599e-01
19 0 +5.206754765e+06 +5.206185885e+06 +5.206185885e+06 +2.2766e+00 +9.2900e-01 -1.4690e+00 +4.7163e+00 -3.3366e+00 -6.1500e-01 +1.2629e+00 -1.5359e+00 +2.1260e+00 +4.1754e-01 +8.5494e-01 -2.6034e+00 -2.3553e-01 -1.8591e+00 +1.5315e+00 -4.9006e-01 +4.6808e+00 -1.1769e+00 +8.4476e-01 -1.2770e+00
35 0 +3.810752502e+06 +3.810183622e+06 +3.810183622e+06 -6.2348e-01 +1.9099e+00 -3.2447e+00 -1.3998e-01 -2.9878e-01 -3.0540e+00 -2.6038e+00 -9.0659e-01 +2.0783e+00 +1.5199e+00 +3.7456e+00 -1.6919e+00 +2.6612e+00 +3.5529e+00 -3.8735e+00 +6.1930e-01 -8.2876e-01 -3.7372e+00 +3.3068e+00 -1.4511e-01
55 0 +3.325382891e+06 +3.324814011e+06 +3.324814011e+06 +9.6084e-01 +2.9690e+00 -2.8180e+00 -4.4638e-01 -1.7923e+00 +2.2190e-01 -2.2180e+00 -4.5235e-01 +3.9113e-01 +3.0254e+00 -2.5490e+00 -3.1369e+00 -8.4093e-02 +1.6166e+00 +6.1388e-01 -2.7919e+00 +1.7080e+00 -1.6626e+00 +3.0913e+00 +3.4186e-01
209 0 +2.800631600e+06 +2.800062720e+06 +2.800062720e+06 +3.4493e+00 +3.6207e-01 +1.6448e+00 +1.3040e+00 +4.6098e-01 +1.0588e-01 +6.4101e-01 +2.0341e+00 -1.7841e+00 +2.1863e+00 -2.3895e+00 -1.8260e-01 -7.8612e-01 +2.9342e+00 -1.0250e+00 -1.1150e+00 -1.5257e+00 -2.9365e+00 +2.3243e+00 -1.3783e+00
379 0 +2.595777270e+06 +2.595208390e+06 +2.595208390e+06 -4.4244e-01 +3.3753e+00 +1.7965e-01 +1.7357e+00 -5.2866e-01 -2.8740e+00 +2.7597e+00 -3.3297e-01 +2.1226e+00 +2.6965e+00 -1.7349e+00 -1.8564e-01 -3.1119e-01 -7.9082e-01 -3.4157e+00 -2.1797e+00 +4.1019e+00 +2.3887e-02 +3.6276e+00 -2.0075e+00
474 0 +2.545591646e+06 +2.545022766e+06 +2.545022766e+06 +4.2829e-01 -2.4112e+00 +3.0329e+00 -1.2163e+00 -1.5498e+00 +1.1486e+00 -3.0218e+00 +1.5129e+00 -3.3392e+00 -2.5489e+00 -4.1271e-01 -3.3573e+00 +1.2070e+00 -5.3798e-01 -1.0813e+00 +8.1458e-01 +5.8233e-01 -8.8805e-01 +2.9106e+00 -3.4394e-01
476 0 +1.818211832e+06 +1.817642952e+06 +1.817642952e+06 -7.4990e-01 -2.7621e+00 +4.7487e-01 -1.7841e+00 -3.4926e+00 +2.3852e+00 -3.4396e+00 +3.8416e-01 -8.6761e-01 -2.7968e+00 -7.0465e-01 -4.2394e+00 +2.5099e+00 +1.6165e+00 -1.1895e+00 +2.2627e+00 +1.6310e+00 -1.4262e+00 +2.7168e+00 -6.6875e-01
932 0 +1.089674449e+06 +1.089105569e+06 +1.089105569e+06 -2.7282e+00 +3.5422e+00 -2.7998e+00 +3.3649e-02 -4.1886e-01 -3.5048e+00 +1.0106e+00 -1.0460e+00 -3.4042e+00 +1.1187e+00 +3.0746e+00 +2.9243e+00 +4.9506e+00 -4.2660e-01 -2.7398e-01 -2.1284e+00 +4.0234e+00 -2.4599e+00 +3.7533e+00 -1.7044e+00
% f evaluations | g evaluations | best noise-free fitness - Fopt (2.069000000000e+01) + sum g_i+ | measured fitness | best measured fitness or single-digit g-values | x1 | x2...
1 0 +1.102862443e+07 +1.102864512e+07 +1.102864512e+07 -5.4836e-01 +1.3453e+00 -9.5950e-01 +6.8515e-02 +2.4879e+00 -2.4437e+00 -2.1792e-01 -1.3811e+00 +7.5776e-01 -3.5673e-01 -1.3949e+00 -7.2182e-01 -4.0399e-01 -3.6332e-01 -1.1774e-01 -1.6195e-01 +1.1385e+00 -3.5442e-01 -7.2801e-01 +5.5144e-02
3 0 +8.463227536e+06 +8.463248226e+06 +8.463248226e+06 +5.9791e-01 +2.7136e-01 -1.6846e-01 +1.4755e+00 -1.0670e-02 -1.1627e+00 +6.7985e-01 +8.8463e-01 +1.8312e-01 -1.1461e+00 -7.1836e-01 +5.7281e-01 -8.6540e-01 +4.4267e-01 +1.7324e-01 -1.0441e+00 -1.1092e+00 +9.6373e-01 -1.3888e-01 -1.7920e-01
4 0 +4.267761157e+06 +4.267781847e+06 +4.267781847e+06 +1.7416e-01 +1.1511e-03 -3.3169e-02 +1.5849e+00 +2.1770e+00 +6.8038e-01 -1.0437e+00 +3.1761e-01 +1.4330e+00 -3.1855e-01 -1.4285e+00 +2.0483e-02 -1.3742e+00 -2.3664e+00 +6.2886e-01 +1.7592e+00 +1.1064e+00 -3.4464e-01 +7.7750e-01 -1.2813e+00
6 0 +3.173086582e+06 +3.173107272e+06 +3.173107272e+06 -9.1787e-01 +6.1211e-01 -9.1414e-03 +9.9189e-01 -1.1155e+00 -4.6475e-01 +4.0221e-01 +1.3148e+00 +2.2033e+00 -4.3854e-01 +2.5783e+00 +7.7657e-01 -8.2168e-01 -1.3321e+00 -5.9586e-01 +8.4776e-01 +2.8638e-01 -4.8642e-01 +8.7913e-01 -1.6353e+00
98 0 +1.257110903e+06 +1.257131593e+06 +1.257131593e+06 +4.8546e-01 +2.6908e+00 -3.6227e-01 +7.9008e-01 -1.8235e-01 +2.2221e+00 +3.8722e+00 +3.3358e+00 -2.6362e+00 +2.1902e+00 -9.8677e-01 +1.5332e+00 -8.3295e-01 -9.3379e-01 -1.1130e+00 -2.7338e+00 +2.3461e+00 +2.8121e+00 +1.5247e+00 -1.8821e+00
370 0 +1.134263569e+06 +1.134284259e+06 +1.134284259e+06 +2.5147e-01 -3.6262e-01 -1.6676e+00 -2.9546e-01 +9.8094e-01 +7.5767e-01 +2.1799e-01 -4.7748e+00 -3.8053e+00 -1.6265e+00 +1.3173e+00 -1.8877e-01 -2.9550e+00 -1.1041e+00 -3.3767e+00 -3.8141e+00 +2.9243e+00 +1.2656e+00 +1.5998e+00 -3.1050e+00
749 0 +7.331452224e+05 +7.331659124e+05 +7.331659124e+05 +1.0968e+00 +2.0850e+00 +2.5146e+00 -3.4116e+00 +2.0156e+00 +3.9783e+00 -6.7527e-01 +4.8700e-01 -9.3321e-01 -1.5825e+00 +7.9834e-01 -4.6802e-02 +2.1181e+00 +3.6803e+00 -3.4543e+00 -1.3874e+00 +1.1236e+00 +7.7195e-01 +2.1475e+00 -2.2594e+00
1986 0 +4.059504946e+05 +4.059711846e+05 +4.059711846e+05 +2.8353e+00 -7.9366e-01 -3.9057e-01 +2.4256e+00 -3.4014e+00 +7.6016e-01 -3.0609e+00 +1.2346e+00 +1.5463e+00 +1.1539e-01 +2.2377e+00 +8.5732e-01 +2.6099e+00 -2.8422e+00 -1.6598e+00 -1.3962e+00 +9.6805e-01 +9.2510e-01 +1.9573e+00 -2.0687e+00
% f evaluations | g evaluations | best noise-free fitness - Fopt (5.616700000000e+02) + sum g_i+ | measured fitness | best measured fitness or single-digit g-values | x1 | x2...
1 0 +3.943203534e+07 +3.943259701e+07 +3.943259701e+07 +1.5402e+00 -1.1259e+00 +3.1533e-01 +2.9482e-01 -1.4939e+00 -6.0812e-01 +4.0303e-01 -1.6762e+00 +9.6349e-02 +1.5946e+00 +1.2613e+00 -3.7577e-02 -6.8325e-01 +1.2993e+00 -7.6797e-01 +2.0619e+00 -1.3922e+00 -2.5194e-01 +9.5919e-01 +1.7139e+00
2 0 +1.347212751e+07 +1.347268918e+07 +1.347268918e+07 +1.4262e+00 +4.9345e-01 +6.8534e-01 +1.5946e+00 +1.1820e-02 +1.0791e+00 +8.2006e-01 +1.3857e+00 -1.3555e+00 -4.5817e-01 +2.1883e+00 +1.0054e+00 +6.5077e-01 +8.3368e-01 -2.5336e-01 -1.9788e-01 +3.9156e-02 -2.7489e-01 -7.8806e-01 -8.5078e-01
9 0 +6.911204672e+06 +6.911766342e+06 +6.911766342e+06 -1.6883e+00 +5.8350e-01 +3.7137e-01 +1.3999e+00 -8.2240e-02 -7.8071e-03 -1.6063e-01 -1.0963e-01 +3.1381e-01 -1.2029e+00 +1.2242e+00 +4.0134e-01 -3.5853e-01 -3.9931e-02 +1.1524e+00 +1.0814e-01 +8.3899e-01 +7.4988e-01 -5.0517e-01 -2.0240e+00
41 0 +2.631958142e+06 +2.632519812e+06 +2.632519812e+06 +3.0675e+00 -3.7841e+00 +1.1887e+00 -1.4347e-01 -1.9932e+00 -1.3426e+00 +2.3625e+00 +1.4215e+00 -1.8638e+00 -1.6369e+00 -4.4274e+00 +7.1041e-02 -1.3751e+00 +1.3149e+00 +1.8955e-01 -4.3794e+00 -8.8112e-01 +3.1486e+00 -3.8109e+00 -3.7726e+00
43 0 +2.259867754e+06 +2.260429424e+06 +2.260429424e+06 +2.6722e+00 -3.8177e+00 +1.7583e+00 +1.8151e+00 -3.7791e+00 -1.2795e+00 +1.2291e+00 -1.1637e+00 -1.2846e+00 -4.7651e-01 -2.6478e+00 -1.2700e+00 -1.9097e+00 +2.1686e+00 -3.5125e-01 -2.0352e+00 +7.4942e-01 +2.3025e+00 -1.7908e+00 -3.1275e+00
134 0 +1.674944995e+06 +1.675506665e+06 +1.675506665e+06 -7.3596e-01 -2.3015e+00 +1.3154e-01 -4.1466e-01 -1.1470e+00 +5.9923e-01 +1.4947e+00 -1.4180e+00 -1.3837e+00 -3.3098e+00 +1.5346e+00 -3.0676e+00 +1.0591e+00 +5.8984e-01 +1.7998e+00 +8.8550e-01 -4.1773e-01 +1.6127e+00 -2.7172e+00 -2.8858e+00
307 0 +1.456226627e+06 +1.456788297e+06 +1.456788297e+06 -2.5557e+00 -3.9044e+00 +6.9945e-01 -2.1007e+00 +4.0247e+00 -1.1243e+00 +9.9976e-01 +1.1395e+00 -1.9245e+00 -2.0679e+00 -2.6299e-01 +1.8920e+00 +1.2585e+00 +9.8382e-01 +4.6503e-01 +9.2664e-01 +4.1741e-01 +2.3514e+00 -1.6035e+00 -3.9000e+00
1351 0 +9.950001048e+05 +9.955617748e+05 +9.955617748e+05 +1.2434e+00 +4.4435e+00 -1.8058e+00 -1.6323e+00 +9.7303e-02 -6.6458e-01 +1.5137e+00 -2.6796e+00 +3.3168e-01 +1.3903e+00 -4.8538e-01 -9.8871e-01 -4.8063e+00 -1.7084e+00 -6.6882e-02 +5.4422e-01 -5.6211e-02 +2.4335e+00 -2.7100e+00 -2.9937e+00
