% f evaluations | g evaluations | best noise-free fitness - Fopt (-4.620900000000e+02) + sum g_i+ | measured fitness | best measured fitness or single-digit g-values | x1 | x2...
1 0 +9.208040892e+02 +4.587140892e+02 +4.587140892e+02 +1.9772e+00 +2.5319e+00 +1.3924e-01 -9.2337e-01 +1.7066e-01 +2.3373e-01 +1.8707e+00 -3.8307e-01 -1.2640e+00 -1.3107e-01 +9.2689e-01 -6.9527e-02 +3.7218e-01 +5.6726e-01 -5.8232e-01 -6.2800e-01 +5.9512e-01 -6.0878e-01 -6.3459e-01 +1.3948e-01
2 0 +8.948885327e+02 +4.327985327e+02 +4.327985327e+02 +1.1613e+00 -8.4253e-02 -1.9381e-01 -8.1885e-01 +1.6678e+00 -1.7062e+00 +1.4632e+00 -7.9310e-01 -7.0914e-01 +1.5108e-01 -2.5197e+00 -8.5460e-01 +1.1381e+00 -1.6687e+00 +7.2478e-01 +4.8444e-01 -1.2599e+00 -4.8305e-01 -4.4377e-01 +1.1842e+00
9 0 +7.584497507e+02 +2.963597507e+02 +2.963597507e+02 -1.1281e+00 +2.5407e-01 +2.3868e+00 +1.9067e-01 -1.6477e-01 -9.3387e-01 +4.3034e-02 -6.4469e-02 +7.3049e-01 +4.5180e-01 -4.9897e-01 -2.0976e-01 +8.2603e-01 +1.4660e-01 -2.2977e-01 -2.6842e-01 +9.9932e-01 +7.3928e-01 -5.5896e-01 -7.3008e-01
98 0 +7.083672827e+02 +2.462772827e+02 +2.462772827e+02 +9.1455e-01 +3.6516e+00 +1.4595e+00 -3.0109e+00 +6.4713e-01 -2.2675e+00 +6.5546e-01 +2.5864e+00 +2.5964e+00 +9.3329e-01 -3.6497e+00 -2.0398e+00 -2.7207e+00 -5.7706e-01 -2.6543e+00 -4.0203e+00 -2.9413e-01 +7.8127e-01 -1.4620e+00 -3.6428e+00
100 0 +6.799456354e+02 +2.178556354e+02 +2.178556354e+02 +1.2079e+00 +4.9609e+00 +3.6174e-01 -1.1563e+00 -4.0809e-01 -3.6210e+00 +1.0571e+00 +3.1217e+00 +1.0712e+00 +2.1104e-01 -3.2190e+00 -3.0744e+00 -1.4838e+00 +7.4588e-01 -1.3461e+00 -3.9449e+00 -7.5680e-01 +1.1669e+00 -6.2458e-01 -2.2909e+00
315 0 +4.996804831e+02 +3.759048306e+01 +3.759048306e+01 +3.1596e-01 +2.7037e-01 -1.6502e-01 +2.0084e+00 -1.0988e+00 -1.0208e+00 -5.4117e-01 -2.8961e+00 +3.7325e+00 +1.5765e+00 -2.2462e+00 -1.5157e+00 -3.0107e+00 -3.1779e+00 +4.4914e-02 -3.6249e+00 -1.3162e+00 +2.5974e+00 -2.5856e+00 +1.2673e+00
% f evaluations | g evaluations | best noise-free fitness - Fopt (7.766000000000e+01) + sum g_i+ | measured fitness | best measured fitness or single-digit g-values | x1 | x2...
1 0 +1.252366078e+03 +1.330026078e+03 +1.330026078e+03 +8.2891e-01 +7.5570e-01 +7.8761e-01 -8.2398e-01 -4.6362e-01 -5.0992e-01 +1.0736e+00 +5.1094e-01 -1.3870e+00 +1.2931e+00 -3.1691e+00 -1.6540e+00 +3.5416e-01 +6.5479e-01 -5.6608e-01 +7.6502e-01 +2.1442e-02 +1.1678e+00 +2.3185e-01 -2.9916e-01
4 0 +1.183276422e+03 +1.260936422e+03 +1.260936422e+03 -1.0857e+00 +8.9049e-01 +7.6644e-01 -7.6021e-01 +1.7425e+00 +1.6393e+00 +3.4664e-02 -9.0575e-01 -1.4499e-01 -1.5097e-01 +1.1961e+00 -1.0730e+00 +1.2986e-03 +1.5387e+00 -1.1573e+00 -2.2179e-01 -8.3728e-02 +8.1902e-01 -1.4977e+00 +9.8032e-03
6 0 +9.471407466e+02 +1.024800747e+03 +1.024800747e+03 -1.9913e-01 +7.5075e-01 +5.7116e-01 -1.6384e+00 +7.5027e-01 -7.7842e-01 -3.0915e-01 -2.9851e-01 +2.7984e-01 +7.4343e-01 +6.9675e-01 -7.4546e-01 -1.3503e-02 +3.1995e-01 -3.8119e-01 +7.1084e-01 +1.1935e-01 -4.5037e-01 -3.3028e-01 -4.8625e-03
10 0 +8.973682358e+02 +9.750282358e+02 +9.750282358e+02 +1.4058e+00 -3.9210e-01 -1.3113e-01 +7.9851e-01 +6.9906e-01 -8.0458e-01 +2.7839e-01 -3.0226e-01 -2.7248e-01 +2.3659e-01 +1.2111e+00 +9.7504e-01 -5.1685e-01 +9.4201e-01 -2.3255e-01 +6.3912e-01 +5.6944e-01 +7.3559e-01 -5.3113e-01 -1.2450e+00
16 0 +7.592981882e+02 +8.369581882e+02 +8.369581882e+02 -3.7163e+00 -1.1952e+00 -5.0712e-01 -3.2275e+00 -4.3647e-01 +1.4866e+00 +1.2035e+00 -3.4151e+00 +1.3617e+00 -5.1018e-01 +3.7189e-01 +2.2509e+00 -9.3438e-01 -1.9854e+00 -9.1074e-03 +5.6753e-01 -2.1539e-01 -3.6351e+00 -7.5858e-01 -1.0927e+00
37 0 +7.197063516e+02 +7.973663516e+02 +7.973663516e+02 +2.5451e+00 -3.1243e+00 -2.0752e+00 -1.8693e+00 +2.5949e+00 +3.1359e+00 +9.0207e-01 +1.1959e+00 -3.1249e+00 -2.0459e+00 -2.2123e+00 +1.4244e+00 +3.6035e+00 +1.5055e-01 -2.8598e+00 -1.0122e+00 -1.9627e+00 -7.3979e-01 +1.2532e+00 -1.5755e+00
75 0 +6.994911700e+02 +7.771511700e+02 +7.771511700e+02 +9.8860e-01 +3.2551e-01 -3.0259e+00 +3.3191e-01 +1.2372e+00 +1.3139e+00 +1.6864e+00 -1.5975e+00 +2.6783e-01 -1.4767e+00 +1.9677e+00 +6.7680e-01 -1.2113e+00 +2.0773e+00 +8.3528e-01 +1.0294e+00 -1.9743e+00 -1.3719e+00 +1.9310e+00 -1.1866e+00
253 0 +5.704954211e+02 +6.481554211e+02 +6.481554211e+02 -3.0008e-01 -1.1278e+00 +1.7110e+00 +4.5780e+00 -7.6637e-01 +4.2818e+00 -7.6590e-01 -2.0928e+00 +1.8895e+00 -3.3693e+00 +8.4277e-01 -3.0393e+00 -1.5755e+00 -2.7622e+00 -2.3930e-01 -6.7953e-01 -1.8611e+00 -5.1551e-01 +7.5468e-01 -3.4126e+00
256 0 +5.463730477e+02 +6.240330477e+02 +6.240330477e+02 -2.0923e+00 -1.6677e+00 +1.5124e+00 +2.7899e+00 -1.2815e+00 +4.4485e+00 +1.8325e-02 -2.5545e+00 +6.2865e-01 -2.3671e+00 +1.4967e+00 -2.4235e+00 -1.5714e+00 -4.3166e+00 -1.0991e+00 -8.5611e-02 -2.7474e+00 -1.0948e+00 +4.4682e-03 -2.3931e+00
257 0 +4.474814680e+02 +5.251414680e+02 +5.251414680e+02 -8.7738e-01 -4.4313e-01 +2.2526e+00 +4.9556e+00 -5.5339e-01 +3.2876e+00 -5.5204e-01 -3.5965e+00 +6.7837e-01 -2.8484e+00 +1.3976e+00 -3.6859e+00 -3.3814e-01 -4.4080e+00 -1.7632e+00 -1.1349e-01 -1.1313e+00 -1.5630e+00 +1.2036e+00 -3.8842e+00
1095 0 +4.356308905e+02 +5.132908905e+02 +5.132908905e+02 +4.4357e+00 +2.0779e+00 +1.5584e+00 +1.9484e+00 -7.4472e-01 -1.8268e+00 +2.6395e+00 +1.2177e+00 +4.3011e-01 -3.5818e-01 +1.5266e-01 -1.4040e+00 +1.8968e+00 +1.2318e-01 -2.1634e+00 -2.0754e+00 +6.2991e-01 -1.5854e+00 +2.3840e+00 -2.9911e+00
1389 0 +4.215051050e+02 +4.991651050e+02 +4.991651050e+02 +2.0413e+00 -2.9396e+00 +1.2300e+00 +9.0812e-01 -3.5197e-01 +9.7977e-01 +2.5013e+00 -3.6894e+00 -9.1311e-01 -3.4031e+00 +1.5181e+00 -1.0932e+00 +2.5848e+00 +1.2546e-01 -1.2363e+00 -1.6243e+00 -1.1089e+00 -1.6885e+00 +9.2313e-01 -2.4133e+00
% f evaluations | g evaluations | best noise-free fitness - Fopt (1.156800000000e+02) + sum g_i+ | measured fitness | best measured fitness or single-digit g-values | x1 | x2...
1 0 +9.203754556e+02 +1.036055456e+03 +1.036055456e+03 +2.5518e-01 -7.8521e-01 -4.7972e-02 -3.7277e-01 +3.5388e-01 -8.0225e-01 -4.1295e-02 +4.8728e-02 +3.8494e-01 +7.2696e-01 +2.6523e+00 -1.0964e+00 +1.4189e+00 +7.6250e-01 -3.4474e-01 -7.5375e-01 -3.8114e-01 -1.3398e+00 +9.6019e-01 +4.1964e-01
4 0 +8.934275259e+02 +1.009107526e+03 +1.009107526e+03 -1.2977e-01 -4.3602e-01 +1.6283e-01 -8.2712e-01 -3.5745e-01 -6.2763e-04 -1.1300e+00 +3.6525e-03 +7.8122e-01 +1.0054e+00 +7.3556e-01 +1.1192e+00 +1.9425e-01 -9.5852e-02 +6.0250e-02 -6.4757e-01 +7.2153e-01 -3.8464e-01 +7.2362e-01 -2.0068e+00
10 0 +6.711565846e+02 +7.868365846e+02 +7.868365846e+02 -9.9345e-01 -8.5083e-01 +4.4890e-01 +1.4920e+00 +7.5266e-02 +6.4550e-01 +2.5511e-01 -7.0236e-01 +4.4253e-01 -1.9957e+00 +5.6487e-01 -1.0468e-01 -9.5599e-01 -8.6492e-01 +8.2652e-01 +7.5722e-01 +2.7996e-01 +5.4198e-01 +1.9626e+00 -2.6686e-01
17 0 +6.243148555e+02 +7.399948555e+02 +7.399948555e+02 -6.6519e-02 +5.6317e-01 +2.8704e+00 -3.4189e+00 +5.2330e-01 +1.6188e+00 -4.2077e+00 +3.7639e+00 +9.6550e-01 -8.1775e-01 +9.9189e-01 -3.3206e+00 -3.2959e+00 -1.0053e+00 -1.5864e+00 -9.1321e-01 +5.4227e-01 +4.2470e+00 +1.0854e+00 +1.3331e+00
35 0 +6.037189945e+02 +7.193989945e+02 +7.193989945e+02 -1.6904e+00 -3.0952e+00 +1.1122e+00 +4.6731e-01 +2.7873e+00 -3.6572e+00 +5.7511e-01 +6.4367e-01 -4.7220e+00 +4.6428e-01 -1.5481e-01 -2.1575e+00 -1.9910e+00 +2.7482e+00 -3.8757e-01 +1.0577e+00 +1.7253e+00 +1.7848e+00 +3.6363e+00 +4.3745e-01
36 0 +5.268013221e+02 +6.424813221e+02 +6.424813221e+02 -1.2045e+00 -2.7916e+00 +5.0068e-01 +1.3589e+00 +2.3572e+00 -3.9932e+00 +9.5548e-01 -2.9600e-01 -3.4786e+00 +8.3067e-01 +5.2177e-01 -4.0753e+00 -7.5670e-01 +8.7374e-01 +3.5230e-01 +1.1319e+00 -1.2335e-01 +2.1865e+00 +4.0882e+00 -9.4996e-01
213 0 +4.675627205e+02 +5.832427205e+02 +5.832427205e+02 -1.0949e+00 +2.0785e+00 -7.9313e-01 -5.1873e-01 -7.0435e-01 -6.3970e-01 -2.6757e-01 -9.0970e-01 -1.9721e+00 -1.4377e+00 +3.5670e+00 +3.4816e-01 -1.7448e+00 +1.2378e+00 -1.5943e+00 -8.5725e-01 -2.8582e+00 +4.3109e+00 +3.2956e-01 -1.1094e-01
% f evaluations | g evaluations | best noise-free fitness - Fopt (-3.710000000000e+00) + sum g_i+ | measured fitness | best measured fitness or single-digit g-values | x1 | x2...
1 0 +9.540036560e+02 +9.502936560e+02 +9.502936560e+02 -1.9218e+00 +9.8820e-01 +2.0319e+00 -2.0726e+00 -9.5548e-02 +3.2881e-01 +7.7648e-01 -7.8674e-01 -1.8538e-01 +6.1202e-01 +2.7738e+00 +4.8524e-01 -2.1235e+00 +1.3314e+00 -7.9545e-01 +1.0162e-01 -1.5724e+00 +2.6733e-01 +9.6424e-01 -5.4020e-01
2 0 +8.995642347e+02 +8.958542347e+02 +8.958542347e+02 -7.4139e-02 +1.4270e-01 +2.3747e+00 -3.1933e-04 -2.3213e-01 +3.1243e-01 -1.1332e+00 -1.6225e-02 -9.0959e-01 -2.7579e-01 +1.3022e+00 +1.6453e-02 +8.1230e-01 +6.0773e-01 -1.0983e+00 -8.8359e-01 -4.6677e-01 -2.4664e+00 -1.4246e+00 -1.5974e+00
7 0 +7.272476640e+02 +7.235376640e+02 +7.235376640e+02 -2.5805e-01 -7.3811e-01 +1.1522e-02 +1.1219e-01 -6.7495e-01 +6.1608e-01 +3.5607e-01 +5.6236e-01 +1.0951e+00 +1.6337e-01 -8.0761e-01 -2.4064e+00 +1.0003e+00 -7.1573e-01 -3.7756e-01 -4.3074e-01 +1.1646e-01 +1.2954e+00 +5.6498e-01 -1.4548e+00
18 0 +7.168325257e+02 +7.131225257e+02 +7.131225257e+02 +3.3961e+00 +1.9240e+00 -1.2095e-01 -1.6433e+00 +3.1509e-01 -1.7432e+00 +1.7990e+00 -1.5695e+00 +6.6775e-01 +1.1718e+00 +2.7363e+00 +3.1884e-01 +3.6225e+00 +3.0504e-01 -5.1170e-01 -4.3446e+00 +3.9410e+00 +5.1731e-01 +5.7607e-01 -7.6241e-01
31 0 +6.538781113e+02 +6.501681113e+02 +6.501681113e+02 -4.1178e+00 +1.1151e-01 +5.7054e-01 -1.2819e+00 -8.8664e-01 -2.4589e+00 +1.1175e+00 +1.9051e-01 -2.6144e+00 -1.4480e+00 +3.4210e+00 +1.4183e+00 +1.1902e+00 -2.7253e+00 +1.8252e-01 -1.0289e+00 +4.0026e+00 +1.6591e+00 +2.3671e+00 -1.0755e+00
105 0 +5.576317892e+02 +5.539217892e+02 +5.539217892e+02 +2.5549e+00 +2.5036e+00 +3.2045e+00 +2.4047e+00 +4.0724e-01 +2.1170e+00 -2.0334e+00 -4.2329e+00 -2.1090e-01 +3.3931e+00 +1.0890e+00 +3.1488e-01 +2.8671e+00 -2.0824e+00 -3.8560e-01 -2.0019e+00 +3.1209e-01 -8.0077e-01 +2.0246e-01 -2.3567e+00
545 0 +5.009194980e+02 +4.972094980e+02 +4.972094980e+02 +2.9163e+00 +2.5745e+00 -3.8171e+00 +2.6303e+00 -1.9651e+00 +7.0844e-01 -1.2235e+00 -1.4254e+00 -2.8601e+00 -1.3287e-02 +3.6003e+00 +1.9362e-01 -1.0617e+00 -1.1629e+00 +2.1930e+00 -4.2113e+00 +2.1061e+00 -5.3470e-01 +1.3782e+00 -2.8137e+00
1883 0 +4.763254775e+02 +4.726154775e+02 +4.726154775e+02 +3.0622e+00 +1.2577e+00 +2.7019e+00 +8.4576e-01 -2.2899e+00 +2.2257e+00 -3.9452e-01 -2.9888e+00 +2.0765e+00 -5.6169e-01 +2.0228e+00 -1.8970e-02 +3.8568e+00 -2.7250e+00 -1.1161e+00 -4.3210e+00 +2.2468e+00 +2.1379e+00 +1.1417e+00 -2.6055e+00
1888 0 +4.399080919e+02 +4.361980919e+02 +4.361980919e+02 +1.7240e+00 +2.0344e+00 +3.2934e+00 +3.6659e+00 -2.5785e+00 +2.7837e+00 -7.0884e-01 -2.9123e+00 +1.2446e+00 -9.2753e-01 -9.2858e-01 +6.4205e-01 +2.4706e+00 -3.0213e+00 -2.1992e-02 -2.5188e+00 +1.3407e+00 +4.8276e-01 +2.7950e+00 -2.9805e+00
1889 0 +4.191443129e+02 +4.154343129e+02 +4.154343129e+02 +2.6994e+00 +6.6801e-01 +2.1295e+00 +1.0695e+00 -3.2402e+00 +2.1304e+00 -1.4351e+00 -2.3105e+00 +8.2651e-01 -1.5804e+00 +8.0380e-01 -2.2484e-01 +4.1268e+00 -1.8169e+00 +9.2790e-01 -2.6363e+00 +9.7268e-01 +1.3680e+00 +3.2757e+00 -2.5339e+00
1890 0 +3.537781780e+02 +3.500681780e+02 +3.500681780e+02 +4.0214e+00 +3.9907e-01 +7.9247e-01 +1.4664e+00 -3.0690e+00 +3.0761e+00 -1.7579e+00 -2.1515e+00 -5.3375e-01 -1.8812e+00 +1.0757e+00 +6.1545e-01 +3.5387e+00 -3.7276e+00 -3.3040e-01 -2.6556e+00 +6.7091e-01 +2.3742e+00 +2.7166e+00 -2.0482e+00
% f evaluations | g evaluations | best noise-free fitness - Fopt (1.321800000000e+02) + sum g_i+ | measured fitness | best measured fitness or single-digit g-values | x1 | x2...
1 0 +7.145695224e+02 +8.467495224e+02 +8.467495224e+02 +7.4666e-01 -5.0714e-01 +5.4545e-01 +7.8586e-02 -2.2210e+00 -6.3572e-02 +9.6249e-01 -1.7533e+00 +3.0822e-01 +1.3180e-01 +1.4225e-01 -3.1698e-01 -9.3098e-01 +9.4210e-01 -1.1794e+00 -1.3669e+00 +1.2270e+00 -1.2720e+00 -4.0571e-01 -9.1323e-01
4 0 +6.458638642e+02 +7.780438642e+02 +7.780438642e+02 +1.0100e+00 +6.6933e-01 +2.3824e-01 +2.6385e-01 -4.4218e-01 -5.8513e-01 +5.3739e-01 -2.5580e-01 +8.0148e-02 -7.3261e-01 -1.6809e+00 +7.7236e-01 -2.6737e-01 +3.9232e-01 -5.7574e-01 -1.0847e+00 -5.6924e-01 +6.3864e-01 -1.4105e+00 +4.1150e-01
65 0 +6.194721486e+02 +7.516521486e+02 +7.516521486e+02 -1.5949e+00 -1.6135e-01 +2.2382e+00 +1.9371e+00 +3.3083e+00 -1.3627e+00 -7.8304e-01 +1.6653e+00 -3.2103e-01 +1.2610e+00 +1.1500e+00 -2.9661e-01 -9.0451e-01 -3.4148e-01 -1.0179e+00 -3.5801e-01 +2.8141e+00 +5.5798e-01 -5.4561e-01 +1.4713e+00
72 0 +5.658572610e+02 +6.980372610e+02 +6.980372610e+02 +6.0833e-02 -1.1079e+00 +2.0946e+00 +3.5347e+00 +1.1375e+00 -2.3143e+00 -2.3952e+00 +1.5092e+00 +2.0418e+00 +1.3492e+00 +3.1074e-01 +1.4212e+00 +8.8725e-01 -3.4652e-01 -2.2919e+00 -8.7251e-01 +2.7250e+00 +3.0057e-01 -1.1804e+00 +1.5158e+00
152 0 +5.390497534e+02 +6.712297534e+02 +6.712297534e+02 -7.6250e-01 +2.2998e+00 +3.3856e-01 -3.7144e+00 +7.6424e-01 -1.3786e+00 -4.1494e+00 +7.4750e-01 -3.9530e+00 -1.3402e+00 -3.2972e-01 -3.1417e+00 +8.0655e-01 +1.3877e+00 -1.9220e+00 +1.5480e+00 +3.3648e+00 +2.8295e+00 -3.7279e-01 +9.1457e-02
216 0 +4.559778674e+02 +5.881578674e+02 +5.881578674e+02 +1.8050e+00 -1.3332e+00 -3.1689e-01 -2.2478e+00 +1.7681e-01 -1.3217e+00 -2.2283e+00 +6.6264e-01 +1.4549e+00 -1.8173e+00 +2.4524e+00 +3.8532e+00 -2.3135e+00 -8.3477e-02 -3.4970e+00 -2.5110e-02 +2.8799e+00 +8.9470e-01 -2.3944e-01 +6.6666e-01
% f evaluations | g evaluations | best noise-free fitness - Fopt (-3.930000000000e+01) + sum g_i+ | measured fitness | best measured fitness or single-digit g-values | x1 | x2...
1 0 +1.092612927e+03 +1.053312927e+03 +1.053312927e+03 +6.2581e-01 -9.2195e-03 -3.3041e-02 -1.2044e-01 +8.2610e-01 +2.6182e-01 -2.3421e-01 -8.9022e-01 -7.8262e-01 -3.9766e-01 +1.0641e+00 +2.3628e-01 -7.3256e-01 +6.2713e-01 -1.5284e+00 -1.6575e+00 +1.9839e-01 -1.4070e-01 +6.9864e-01 +3.4134e-01
3 0 +7.861691951e+02 +7.468691951e+02 +7.468691951e+02 +8.7482e-01 -8.6824e-01 +1.2570e+00 +3.8370e-01 -2.1052e+00 +1.4952e+00 +7.0652e-02 -1.5801e+00 +8.8120e-01 +4.5856e-01 +1.2645e+00 +6.4413e-01 -1.4271e+00 +1.2551e+00 -9.4344e-01 -3.8783e-01 +1.1564e+00 +1.4272e+00 -8.4430e-01 -6.9260e-01
8 0 +6.082292626e+02 +5.689292626e+02 +5.689292626e+02 +4.6232e-01 -1.3317e-02 -6.8141e-01 +8.9549e-02 -1.8908e-01 -5.1160e-01 -6.2633e-01 -1.7081e+00 -1.6791e+00 +4.9111e-01 +3.9646e-01 +9.1867e-01 -2.0736e+00 -3.5180e-01 -7.0252e-01 -1.9946e-01 +3.0916e-01 +1.1957e+00 +3.0049e-01 -1.9524e+00
12 0 +5.431242722e+02 +5.038242722e+02 +5.038242722e+02 +1.3472e+00 +5.1892e-01 +3.6102e-01 +4.8608e-01 -1.1654e+00 +4.3589e-02 +5.8070e-01 +7.0115e-01 +5.6797e-01 -1.0790e+00 +1.3556e+00 +1.6868e+00 -2.1261e-01 +9.9576e-01 -3.9623e-01 -1.3518e+00 +1.5570e-02 +1.9785e+00 -1.1311e+00 -1.8530e+00
1600 0 +5.328058632e+02 +4.935058632e+02 +4.935058632e+02 -1.7800e+00 -1.5333e+00 +2.2383e+00 -7.3406e-01 -5.1355e-01 -1.8336e+00 +2.9296e+00 +3.2276e-01 -5.5252e-01 -2.7655e+00 +1.0569e-01 -7.3648e-01 -3.1890e+00 +5.1687e-01 -2.7030e+00 -6.8430e-01 -1.3921e+00 -1.1676e+00 +1.2061e+00 -4.5259e+00
1868 0 +5.096482046e+02 +4.703482046e+02 +4.703482046e+02 -1.8334e+00 -3.7142e+00 +3.5764e+00 -1.5516e+00 +1.1621e-01 -8.0930e-01 +6.1284e-01 -3.1329e+00 +5.7875e-01 -9.1753e-01 +1.7547e+00 -1.1463e+00 -2.5468e+00 -9.3353e-01 -2.1174e+00 -1.5265e+00 -6.2989e-01 +2.7995e+00 -2.0887e+00 -3.8998e+00
1870 0 +4.441261273e+02 +4.048261273e+02 +4.048261273e+02 +6.7786e-01 -1.8364e+00 +3.3034e+00 +4.5790e-01 -3.9679e+00 -2.3642e+00 +6.7088e-01 -3.4238e+00 +1.8143e+00 +3.3749e-01 +2.1485e+00 +9.5550e-01 +7.5972e-01 -2.4178e-01 -3.4713e+00 -1.2116e+00 +2.3045e-01 +1.6737e+00 -1.7671e+00 -4.0406e+00
% f evaluations | g evaluations | best noise-free fitness - Fopt (4.296000000000e+01) + sum g_i+ | measured fitness | best measured fitness or single-digit g-values | x1 | x2...
1 0 +8.155027970e+02 +8.584627970e+02 +8.584627970e+02 +1.7377e+00 +1.2014e-02 -1.1548e-01 -1.5644e+00 -5.4124e-01 +3.1502e-01 +1.0181e+00 -3.4651e-01 +7.5072e-01 -6.6642e-01 +3.6807e-01 +1.2546e+00 -2.2813e+00 -2.1986e+00 +8.8022e-02 -6.6374e-01 +7.0358e-01 +1.1329e+00 -2.5267e-01 -7.9772e-01
3 0 +5.108972366e+02 +5.538572366e+02 +5.538572366e+02 +5.3836e-01 -8.1738e-01 -8.2889e-01 -5.1396e-01 +5.5335e-01 +9.7585e-01 -2.0714e-01 -1.5461e+00 +7.3839e-01 -1.7512e+00 -6.7739e-01 +6.8642e-01 -4.2863e-01 +4.2393e-01 +1.0233e-01 -1.0283e+00 +7.1613e-01 -3.1469e-01 -1.7181e+00 +1.0399e+00
283 0 +5.002908372e+02 +5.432508372e+02 +5.432508372e+02 -7.7821e-01 -7.6395e-02 +1.0335e+00 +2.8177e-01 +3.1198e+00 +9.6750e-01 +4.0035e-02 +1.3182e+00 +2.5836e+00 +2.6284e+00 +1.0932e+00 +5.1270e-01 +8.2935e-01 +1.1414e+00 -2.6144e-01 +2.6089e+00 +4.5357e+00 +1.9676e+00 -2.7172e+00 +3.1677e+00
703 0 +4.653203717e+02 +5.082803717e+02 +5.082803717e+02 -2.1239e+00 +5.7964e-01 -1.3018e+00 +3.8766e-01 -3.3249e-01 -2.8162e+00 +6.2927e-01 -1.6983e+00 +1.3560e-01 +1.5869e+00 -6.3971e-01 -6.2019e-01 +1.4598e-01 +2.0953e+00 -3.2657e-01 +1.1366e+00 -1.2670e+00 +7.4290e-01 -4.2120e+00 -1.0967e-01
1649 0 +4.570534339e+02 +5.000134339e+02 +5.000134339e+02 -1.7214e+00 -4.0695e-01 -3.7405e+00 -8.5478e-01 +3.9011e+00 -1.0797e+00 +8.4533e-01 +5.5360e-01 +4.8960e-02 -2.4026e-01 -2.6732e+00 +2.9326e+00 -4.7063e+00 +2.1124e+00 +2.1600e+00 +1.7232e+00 +1.8481e+00 -1.6182e+00 -3.0781e+00 +1.1862e-01
% f evaluations | g evaluations | best noise-free fitness - Fopt (2.842200000000e+02) + sum g_i+ | measured fitness | best measured fitness or single-digit g-values | x1 | x2...
1 0 +1.306475025e+03 +1.590695025e+03 +1.590695025e+03 -3.9191e-01 -1.4500e+00 +7.4586e-01 +9.6908e-01 -1.2396e+00 +3.1076e-01 -1.0845e+00 +9.7767e-02 +4.4640e-01 +4.3383e-01 -2.4241e-01 +7.0114e-01 +2.2140e+00 -4.7681e-01 +1.0905e+00 -3.7015e-01 -7.0213e-01 -4.3112e-01 -2.7190e-01 +1.0427e+00
3 0 +1.242465531e+03 +1.526685531e+03 +1.526685531e+03 -2.3020e-01 -5.3401e-01 -2.9515e-01 +6.7877e-01 +3.3704e-01 +6.6900e-01 +3.6122e-01 -1.0718e+00 -7.1339e-01 +4.7632e-01 -6.7839e-01 -1.9829e-01 -1.5118e+00 +2.0076e-01 +1.2399e+00 +3.2237e-01 -9.4708e-01 +1.7301e+00 +1.2973e+00 +9.4134e-02
4 0 +1.026834575e+03 +1.311054575e+03 +1.311054575e+03 -5.6627e-01 +2.1143e+00 -4.7111e-01 +2.9935e-01 -3.6081e-02 -2.0182e+00 -5.2738e-02 +1.0777e+00 +1.7526e+00 -7.2103e-01 +1.6273e+00 -1.3649e+00 +7.0882e-01 +6.0723e-01 -8.0230e-01 -1.1393e+00 +2.2119e-01 -2.6368e-01 -1.2210e+00 +3.4288e-02
7 0 +8.099730228e+02 +1.094193023e+03 +1.094193023e+03 -7.3570e-01 -5.8270e-01 -1.2635e+00 -2.2344e+00 -1.4848e-01 -8.4566e-01 -1.5012e+00 -9.5155e-01 -1.0673e-01 +4.5038e-01 -1.5354e+00 -6.4037e-03 +1.5104e-01 +5.9849e-01 -1.4867e+00 +3.3590e-01 -4.1255e-01 -6.4007e-01 -4.5399e-02 -1.8622e+00
16 0 +7.024649945e+02 +9.866849945e+02 +9.866849945e+02 -1.4186e+00 -3.2859e+00 +2.1564e-01 +9.4038e-01 +3.8668e-02 -2.5214e+00 +1.7149e+00 -4.3416e+00 +9.5992e-01 -2.7607e+00 -5.4712e-01 +3.6171e+00 -2.0120e+00 -2.1144e+00 -3.0313e+00 +4.3188e+00 -1.1764e+00 -8.9796e-01 +2.1327e+00 -1.1893e+00
94 0 +6.578767175e+02 +9.420967175e+02 +9.420967175e+02 +3.7028e+00 +3.2198e+00 +1.8099e+00 -1.1542e+00 +8.0640e-01 -8.4491e-01 +3.2537e+00 +1.4676e+00 -1.7978e+00 -1.9406e+00 -4.9804e+00 -8.2504e-01 +8.4327e-01 -3.5464e+00 -1.6500e+00 +1.4438e+00 -1.0026e+00 -9.3028e-01 +3.1604e+00 -4.4327e+00
100 0 +6.217322119e+02 +9.059522119e+02 +9.059522119e+02 +3.3279e+00 +1.5933e+00 +5.3960e-02 +7.9068e-01 +3.8710e+00 -3.1739e+00 +4.0785e+00 +4.0040e+00 -2.5278e+00 -2.8329e+00 -1.9259e+00 -1.0120e+00 +7.7928e-02 -1.7990e+00 -1.2307e+00 -9.4876e-01 -1.4686e+00 -2.4877e+00 +2.3514e+00 -1.1040e+00
402 0 +6.066499529e+02 +8.908699529e+02 +8.908699529e+02 -5.2475e-02 -4.2493e+00 -3.5208e+00 -1.1118e+00 -4.1150e+00 -3.4393e-02 +1.7552e+00 -1.9791e-01 +1.5523e-01 -2.2392e+00 -1.9950e-01 +2.8353e+00 -1.0893e+00 -1.4468e+00 -3.2997e-01 +5.6423e-01 -2.7336e+00 -7.3829e-01 +1.7220e+00 -3.2256e+00
404 0 +5.606724811e+02 +8.448924811e+02 +8.448924811e+02 -1.5095e+00 -1.1650e+00 -2.4462e+00 -2.6140e-01 -4.0588e+00 +5.3568e-01 +6.6757e-01 +1.6603e+00 -1.1380e+00 -1.9028e+00 +1.4448e+00 +3.6144e+00 +2.5649e-01 -1.7606e+00 -9.3753e-01 -1.1120e+00 -2.5053e+00 -1.3543e+00 +9.7207e-01 -2.3021e+00
405 0 +5.294204745e+02 +8.136404745e+02 +8.136404745e+02 +1.4281e-01 -4.5056e+00 -3.6956e+00 -1.2322e-01 -3.4257e+00 -1.5229e-01 +2.7521e+00 -2.1699e+00 -1.5072e+00 -2.1919e+00 +7.0961e-03 +2.3397e+00 -4.3502e-01 -2.0475e+00 -1.1470e+00 +7.6411e-01 -3.8959e+00 -2.0360e+00 +8.6174e-01 -2.9648e+00
% f evaluations | g evaluations | best noise-free fitness - Fopt (-3.217000000000e+01) + sum g_i+ | measured fitness | best measured fitness or single-digit g-values | x1 | x2...
1 0 +8.906200785e+02 +8.584500785e+02 +8.584500785e+02 +6.5107e-03 +5.6029e-01 +5.2676e-01 -1.3100e-01 +7.2108e-02 -5.7389e-01 -8.5393e-01 +1.1718e+00 -9.1916e-01 -3.5347e-01 -1.1033e+00 +1.0512e+00 +8.4268e-01 -1.2227e+00 +6.6127e-01 -1.3812e-01 +5.3359e-01 -1.1653e-01 +6.5679e-01 +7.1699e-01
3 0 +6.872693774e+02 +6.550993774e+02 +6.550993774e+02 +1.1306e+00 -1.3412e+00 -1.2067e+00 +4.3468e-01 -1.6758e+00 -1.3523e-01 -8.2205e-01 +3.1584e-01 +1.1893e+00 +1.2003e-02 +1.3827e-01 +1.0983e-01 +8.2635e-01 +8.6034e-01 +2.7829e-01 -4.2467e-01 -1.5895e+00 -4.9195e-01 +3.0046e-01 +6.6783e-01
5 0 +5.155297599e+02 +4.833597599e+02 +4.833597599e+02 +5.0284e-01 -7.2083e-01 -2.9842e-01 -4.0674e-02 +7.0169e-01 +7.3917e-01 +1.7851e-01 -8.7741e-02 +2.1540e-01 +6.9754e-02 +2.7686e-01 +6.4164e-01 +1.0090e+00 -1.6067e+00 +1.2011e+00 -8.4405e-01 -9.7851e-01 -5.0107e-01 -8.6777e-01 -5.7132e-01
6 0 +4.954928064e+02 +4.633228064e+02 +4.633228064e+02 -6.3360e-01 +2.0734e+00 -3.5640e-01 -1.1476e+00 -5.6671e-01 -2.3061e-01 -1.3653e+00 +7.0313e-01 -1.2439e+00 +6.0718e-01 -1.4937e+00 +1.4871e-01 +1.0806e+00 -1.8901e-01 +1.1125e+00 -1.2996e+00 -4.7369e-01 -1.2864e+00 -5.9117e-01 -1.9432e+00
1894 0 +4.214086382e+02 +3.892386382e+02 +3.892386382e+02 +1.2923e+00 -4.4563e+00 +1.5684e+00 -2.5311e+00 -3.6092e+00 -6.9441e-01 +4.6663e-01 -7.2856e-01 -1.3455e+00 -1.1311e+00 +1.4432e+00 +1.5802e+00 +1.2159e-01 +4.3888e+00 +1.9491e+00 -1.8200e+00 -7.7773e-01 +3.9037e-01 -1.8614e+00 -3.1939e+00
1896 0 +3.336034523e+02 +3.014334523e+02 +3.014334523e+02 +2.3846e+00 -4.4180e+00 +1.3345e+00 -3.1320e+00 -4.5390e+00 -2.0330e+00 +2.4331e-01 +1.0857e+00 +2.5031e-01 +2.6562e-01 +8.3580e-01 +8.2315e-01 +9.7024e-01 +3.0636e+00 +1.0041e+00 -2.2345e+00 -4.0286e-01 -1.3786e+00 -9.8498e-01 -6.8626e-01
% f evaluations | g evaluations | best noise-free fitness - Fopt (-5.858000000000e+01) + sum g_i+ | measured fitness | best measured fitness or single-digit g-values | x1 | x2...
1 0 +6.559779866e+02 +5.973979866e+02 +5.973979866e+02 +1.1578e+00 +5.4547e-01 +1.0923e-01 -9.0516e-01 +4.7787e-02 +8.7916e-02 -9.3619e-01 -1.3545e+00 +1.0772e-02 +6.1229e-01 +1.8333e+00 -7.6749e-01 +1.4428e+00 +1.1148e+00 -7.6275e-01 +9.4503e-01 -3.1619e-01 +1.1084e+00 -6.1014e-01 -1.3162e+00
67 0 +6.343928863e+02 +5.758128863e+02 +5.758128863e+02 +3.7538e-02 -4.5995e+00 -5.6926e-02 +9.7297e-02 +9.7446e-02 -1.2040e+00 -8.9725e-01 +3.6882e+00 +4.8513e+00 -4.2591e+00 +4.9495e+00 +8.9415e-02 -7.5229e-01 -5.6408e-01 -1.1322e+00 +1.1351e+00 +1.2854e+00 +1.9810e+00 +2.2957e+00 +5.7545e-02
160 0 +4.441500878e+02 +3.855700878e+02 +3.855700878e+02 -1.6920e-01 +2.9854e+00 +1.2036e+00 +2.7855e+00 -2.7394e+00 -1.1711e+00 -4.8230e+00 -1.4216e+00 +2.1615e+00 -1.5457e+00 +1.0521e+00 -3.2698e+00 -3.9084e+00 +1.6816e+00 +3.0152e-01 +1.5776e+00 +1.1747e-03 +2.2529e+00 +4.4362e+00 -4.0248e-01
% f evaluations | g evaluations | best noise-free fitness - Fopt (-6.049200000000e+02) + sum g_i+ | measured fitness | best measured fitness or single-digit g-values | x1 | x2...
1 0 +7.482645310e+02 +1.433445310e+02 +1.433445310e+02 -6.4772e-01 -3.1673e-01 -1.0969e+00 +8.2163e-01 +3.6708e-01 -1.1771e+00 +3.0281e-01 -1.3855e+00 -5.1875e-01 -1.0420e+00 -5.1993e-01 +7.4749e-01 -1.1183e+00 +2.6545e+00 +4.0423e-01 +9.3078e-01 -1.3006e+00 +9.1277e-01 -3.4382e-01 -2.9871e-01
5 0 +7.148399600e+02 +1.099199600e+02 +1.099199600e+02 -1.2758e+00 +8.6367e-01 -7.5191e-01 -6.0591e-01 +8.3807e-02 -1.3168e-01 +4.2236e-01 +1.3626e+00 -5.8297e-01 -2.3170e+00 +8.1968e-01 -3.9512e-01 +1.0457e+00 -3.0267e-01 -5.2817e-01 +3.3042e-01 -9.4970e-01 -6.5779e-01 +5.9958e-01 +2.8471e-01
7 0 +5.987911070e+02 -6.128893044e+00 -6.128893044e+00 +1.3405e+00 -3.0597e-01 -1.0644e+00 -8.1372e-01 +2.2241e+00 +9.5786e-01 +8.8287e-02 -2.1445e-01 -5.6863e-01 +5.6645e-01 +3.3902e-01 -3.9183e-01 -1.3530e+00 -1.2394e-01 +8.7483e-01 +1.2052e+00 -2.1069e-01 -5.8365e-01 +1.0561e-01 +1.1656e+00
80 0 +5.541350407e+02 -5.078495926e+01 -5.078495926e+01 +2.2834e+00 -1.0027e+00 -1.4640e+00 -4.6080e-01 -1.4117e+00 -5.8411e-01 -3.1722e+00 -2.1020e+00 +1.0043e+00 +7.7987e-01 -1.9822e+00 -4.7063e-01 -2.7598e+00 +2.9636e-01 -1.6797e+00 +2.2797e+00 -2.5900e+00 -2.9490e-02 -3.1165e+00 +1.5354e+00
304 0 +5.381401325e+02 -6.677986753e+01 -6.677986753e+01 +1.7568e+00 +8.7005e-01 +4.6790e-01 +3.1267e-01 -1.7568e+00 -2.0637e+00 +1.3802e+00 -5.6029e-01 -1.2343e+00 -4.2107e+00 -3.9454e+00 -1.3375e+00 -2.8359e+00 -2.5328e+00 -3.5240e+00 -2.7455e+00 +6.7078e-01 -1.8807e+00 -7.0497e-01 -9.1768e-02
406 0 +4.206533138e+02 -1.842666862e+02 -1.842666862e+02 +1.9924e+00 -2.9534e-01 +1.5716e+00 +4.8597e+00 +4.2643e-01 -1.0367e+00 -3.0548e-01 -9.4689e-01 -2.1257e+00 -4.1128e-01 -1.6582e+00 +1.3894e-01 -2.2025e+00 +1.6538e+00 -2.9713e+00 +2.3875e+00 -2.6994e-01 -7.9919e-01 -1.1114e+00 +1.5873e+00
1102 0 +3.887015445e+02 -2.162184555e+02 -2.162184555e+02 +3.2243e+00 -1.1870e+00 +1.1136e+00 +2.8951e-01 -5.2881e-01 -3.9807e-01 -1.4051e+00 -5.7426e-01 +3.0922e+00 +2.0813e+00 -2.9098e+00 -2.1755e+00 -2.1589e+00 +1.8567e+00 -3.0442e+00 +3.6656e-02 -4.4582e-01 -7.2054e-01 -1.9547e+00 +4.1555e-01
% f evaluations | g evaluations | best noise-free fitness - Fopt (1.337000000000e+02) + sum g_i+ | measured fitness | best measured fitness or single-digit g-values | x1 | x2...
1 0 +6.707138774e+02 +8.044138774e+02 +8.044138774e+02 +6.0598e-01 +4.3629e-01 -3.5916e-01 +1.5796e+00 -1.3006e-01 +1.2099e+00 -1.4559e-01 -1.1568e+00 -3.0594e-02 +1.1342e-01 -6.0202e-01 +2.6683e+00 -9.8213e-01 -4.5170e-01 +1.3271e+00 -9.2697e-01 +1.0917e+00 -1.0412e+00 -6.1145e-01 +1.7325e-01
3 0 +5.190369667e+02 +6.527369667e+02 +6.527369667e+02 +1.0263e+00 -6.4788e-02 -8.6608e-02 -1.7929e+00 -1.6358e+00 -6.7177e-01 +3.9004e-02 -1.8518e-01 +2.6935e-01 -4.6147e-01 -8.6722e-01 -2.0009e+00 -6.5287e-01 +5.7147e-01 -7.1819e-02 +7.5629e-01 +1.6432e+00 -1.1827e+00 -1.1219e+00 +7.3838e-02
11 0 +4.916616236e+02 +6.253616236e+02 +6.253616236e+02 -6.9222e-01 +9.4620e-01 -1.2174e+00 +2.4050e-01 -1.8135e+00 -2.7182e+00 +9.6737e-01 +6.4229e-02 -1.6217e+00 +1.8498e-01 +1.1472e+00 -1.6330e+00 +4.4683e-01 +1.5534e+00 +1.3924e+00 +3.3204e-01 +8.9445e-01 -2.2610e-01 -8.3196e-01 +1.5854e+00
288 0 +4.009076402e+02 +5.346076402e+02 +5.346076402e+02 +1.7380e+00 -2.0347e+00 +1.5963e-01 -7.2761e-02 -3.1681e+00 -2.5375e+00 +3.4725e-02 -1.6247e+00 -4.4338e-01 +4.7547e-01 +1.0273e+00 -3.3017e-01 -3.4878e+00 +2.0849e+00 -1.1027e+00 -1.5614e+00 +3.3281e+00 +1.0624e-01 -2.1023e+00 +2.4160e-01
% f evaluations | g evaluations | best noise-free fitness - Fopt (-2.098000000000e+01) + sum g_i+ | measured fitness | best measured fitness or single-digit g-values | x1 | x2...
1 0 +9.503203597e+02 +9.293403597e+02 +9.293403597e+02 -6.2433e-01 +4.6989e-01 -5.0924e-01 -3.6627e-01 +1.0059e+00 +4.2808e-01 +3.4194e-01 +5.9384e-01 +1.2525e+00 +6.9442e-01 -1.3872e+00 -1.6109e+00 -5.3982e-01 -1.3796e+00 -4.5639e-01 +7.8651e-01 -1.8951e+00 -3.9038e-01 +2.1977e+00 +6.6185e-01
2 0 +8.749977480e+02 +8.540177480e+02 +8.540177480e+02 -6.7062e-01 -4.5070e-01 +7.3640e-01 -6.5759e-01 +1.3619e+00 +9.0690e-01 -2.2858e-01 +1.6028e+00 -7.7477e-01 +9.5245e-01 -1.2890e-02 -1.2249e+00 -8.4853e-01 -9.9749e-01 -1.2402e+00 -3.0932e-01 +3.4982e-01 -2.5328e-01 +9.0070e-01 -1.7193e-02
9 0 +8.202386702e+02 +7.992586702e+02 +7.992586702e+02 +2.5294e-01 -2.1024e+00 +1.3644e+00 +2.0462e+00 +1.0479e+00 -7.4744e-01 -7.1226e-01 -4.0316e-01 -4.8051e-01 -1.4702e+00 -6.2303e-01 -5.7335e-01 +7.3031e-01 -1.2959e+00 +3.9285e-02 -8.6324e-01 +2.0370e-01 -1.1281e+00 -7.3801e-01 -1.2361e-02
90 0 +6.865734805e+02 +6.655934805e+02 +6.655934805e+02 -6.4707e-01 +3.3744e+00 -1.9022e+00 +3.1238e+00 +1.7337e+00 -1.2468e+00 -2.2467e+00 -4.0406e+00 -7.4560e-01 -9.9654e-01 -2.0499e+00 -2.8779e-01 -2.5936e-01 -2.8159e+00 +1.4134e+00 -2.1881e+00 -2.0976e+00 -3.5459e+00 -6.3216e-01 +5.4444e-01
272 0 +5.910582205e+02 +5.700782205e+02 +5.700782205e+02 -2.7325e+00 -1.3584e+00 +2.6066e-02 -5.0250e-01 +1.6508e+00 -1.9048e+00 +2.1695e-01 +1.3077e+00 -6.7549e-01 +9.6924e-01 +1.8370e+00 -2.1860e+00 -3.8800e+00 -2.0292e+00 -1.5091e+00 -1.2502e+00 -8.9466e-01 -2.4314e+00 -8.5046e-01 +1.9357e+00
273 0 +5.615283593e+02 +5.405483593e+02 +5.405483593e+02 -1.7369e+00 -1.9483e+00 +2.8423e-01 +5.5667e-01 +5.3492e-02 -7.0459e-02 -1.7418e-01 -9.0996e-03 -2.1511e+00 +2.6742e-01 +6.6707e-01 -3.2868e+00 -4.4321e+00 -2.6894e+00 +1.2914e-01 -5.6967e-01 -1.2343e+00 -3.1176e+00 +7.4135e-01 +1.3736e+00
% f evaluations | g evaluations | best noise-free fitness - Fopt (1.353300000000e+02) + sum g_i+ | measured fitness | best measured fitness or single-digit g-values | x1 | x2...
1 0 +8.466470110e+02 +9.819770110e+02 +9.819770110e+02 +4.0614e-01 +4.6108e-01 +5.1723e-01 +1.0859e+00 +5.6911e-01 -1.0440e-01 -1.1636e-01 +2.3394e-01 +9.2525e-01 +5.6909e-01 +9.8701e-01 -8.4132e-01 -5.8562e-01 +5.6246e-01 -2.5000e+00 -2.8564e-01 +1.0341e+00 -1.0180e+00 -1.3471e+00 -5.4049e-01
6 0 +7.862886772e+02 +9.216186772e+02 +9.216186772e+02 +7.6854e-01 +1.3249e+00 -3.6606e-02 -1.0720e+00 +3.0416e-01 -7.8368e-01 +3.7997e-01 -1.1911e+00 +4.9385e-01 -7.9384e-02 -3.2161e-04 -1.1733e+00 -2.0941e+00 -4.6382e-01 -4.6736e-01 -1.4157e+00 -1.6297e+00 +8.5730e-02 -7.0096e-01 -2.6406e-01
13 0 +6.647154134e+02 +8.000454134e+02 +8.000454134e+02 -1.5621e-01 +1.2744e+00 +2.3268e+00 -5.7799e-01 -2.5030e-02 +3.3245e+00 -8.1837e-01 +4.0364e+00 -4.8192e+00 -1.6367e+00 +2.0358e+00 +6.7439e-02 -2.0050e+00 -2.0641e+00 -4.3309e+00 -1.4312e+00 -1.3078e+00 -2.4916e+00 -9.5069e-02 -2.4864e+00
168 0 +5.624694427e+02 +6.977994427e+02 +6.977994427e+02 +1.3729e+00 -2.1673e+00 +3.4403e-02 -7.5690e-02 -3.5866e-01 +1.4065e+00 +2.6360e+00 -2.4132e+00 -5.5328e-01 -1.4996e+00 +7.3411e-01 -1.5466e+00 -5.6097e-01 +3.3744e+00 +1.4027e+00 -2.4340e+00 +1.1824e+00 -6.2994e-01 +2.1474e+00 -4.1627e+00
172 0 +5.486011848e+02 +6.839311848e+02 +6.839311848e+02 +1.3561e-01 +3.8108e+00 -1.1001e+00 -2.9718e+00 +3.2286e+00 +2.4441e+00 -2.0385e-01 +3.1364e+00 -1.9284e+00 -2.3575e+00 -4.9095e+00 +4.1315e+00 -2.1112e+00 -1.2297e-01 +1.6041e-01 -5.7328e-01 -6.7483e-01 -3.1871e+00 +1.9772e+00 -1.1537e+00
887 0 +5.233195885e+02 +6.586495885e+02 +6.586495885e+02 -3.3223e+00 +7.7603e-01 -3.0592e+00 -5.5362e-01 +9.5351e-01 -3.6855e+00 -3.2673e+00 +4.3926e+00 -3.3355e+00 +9.4163e-02 +9.6966e-01 -6.3310e-01 -1.6012e+00 +1.1554e+00 -1.2173e+00 -3.2848e+00 -5.0427e-02 +1.7856e+00 +5.8559e-01 -2.0408e+00
1220 0 +4.742861538e+02 +6.096161538e+02 +6.096161538e+02 +1.8927e+00 +1.0834e+00 -1.9704e+00 +8.5261e-01 +4.8199e+00 +1.1286e-01 -6.7580e-01 -1.1608e+00 -3.9788e+00 -1.6093e+00 -8.0229e-01 -7.7932e-01 -1.8323e-01 +1.8439e+00 -1.5803e+00 -2.1538e-01 -3.1680e-02 -1.2149e+00 +3.4353e+00 -4.1100e+00
1520 0 +4.124855454e+02 +5.478155454e+02 +5.478155454e+02 +4.1229e-01 +1.4050e+00 -1.1619e+00 -8.7898e-01 -1.3958e+00 -9.9230e-01 -2.1090e+00 +1.8469e-01 -2.1735e+00 -8.9602e-01 -4.1042e+00 -8.6644e-02 -2.2887e+00 +2.7723e+00 -2.3973e-01 -6.3722e-02 +2.1785e+00 -6.1876e-01 +2.2406e+00 -1.7171e+00
% f evaluations | g evaluations | best noise-free fitness - Fopt (4.066000000000e+01) + sum g_i+ | measured fitness | best measured fitness or single-digit g-values | x1 | x2...
1 0 +1.284590634e+03 +1.325250634e+03 +1.325250634e+03 +1.2576e+00 +7.5960e-01 +1.7263e+00 -8.0936e-01 -1.4136e+00 +2.7222e+00 -3.9417e-01 -3.8206e-01 -7.7967e-01 -9.4319e-02 -1.0115e+00 +2.8646e-01 +2.8922e+00 +7.2165e-01 +2.2129e+00 +1.9561e-01 +3.0587e-02 -3.5688e-01 +1.1630e+00 +1.2542e+00
2 0 +9.389398749e+02 +9.795998749e+02 +9.795998749e+02 +7.5789e-01 -1.5998e+00 -2.7241e+00 +1.8326e-01 -3.2943e-02 +1.3453e+00 +1.4740e+00 -1.3312e+00 -1.0361e-01 +7.6040e-01 -3.3680e-01 +7.0134e-02 +5.2058e-01 +3.2816e-01 -7.3312e-02 -1.8549e+00 +8.3339e-01 +3.7074e-01 -1.7468e+00 +6.6229e-01
5 0 +7.178033916e+02 +7.584633916e+02 +7.584633916e+02 -1.2609e+00 +9.5142e-01 +1.2259e+00 -3.6976e-01 +1.1561e+00 -1.3344e-01 -2.2184e-01 -1.5316e-01 -3.8266e-01 -8.6682e-01 -1.4452e+00 +9.7470e-01 +5.2355e-01 +1.0518e+00 -1.1060e+00 +3.8264e-02 -8.8882e-01 +1.4190e+00 +7.5915e-01 +9.7616e-01
51 0 +6.535442304e+02 +6.942042304e+02 +6.942042304e+02 -2.6807e-02 +3.5669e+00 +2.0173e-01 -1.8150e-01 +4.6688e-01 +3.9571e+00 -2.6448e+00 +2.0658e+00 +2.4650e+00 +3.6451e+00 -1.2735e+00 +9.2369e-01 -4.6886e-01 +8.2452e-01 +1.1573e+00 -2.4541e+00 +1.3195e+00 +4.6949e+00 +1.1158e+00 +1.4136e+00
54 0 +5.367047116e+02 +5.773647116e+02 +5.773647116e+02 +8.1396e-01 +2.1870e+00 +1.4184e+00 -5.8006e-01 +6.5457e-01 +3.8296e+00 -1.7747e+00 +1.9265e+00 +1.8695e+00 +2.4162e+00 -1.6542e+00 +2.4117e+00 -4.5054e+00 +1.9034e+00 +1.5806e+00 -1.6130e+00 +2.3293e+00 +3.8611e+00 +1.7650e+00 +4.3515e-01
56 0 +5.106743621e+02 +5.513343621e+02 +5.513343621e+02 +1.1079e+00 +3.9809e+00 +2.9366e+00 +1.0796e+00 -2.6318e-01 +4.9395e+00 -2.2637e+00 +9.5732e-01 +5.4204e-01 +8.5644e-01 -2.5270e+00 +1.0390e+00 -2.3945e+00 +4.1207e+00 -1.6114e-01 -1.6556e+00 +1.0540e+00 +3.4785e+00 +3.4334e-01 +4.0564e+00
242 0 +4.732665644e+02 +5.139265644e+02 +5.139265644e+02 -2.3155e+00 -3.6377e+00 +3.1979e-01 +1.3835e+00 +2.0996e+00 +1.3003e+00 +1.2548e+00 -2.5651e+00 +3.3182e+00 +1.0544e+00 -7.5221e-01 -9.9873e-01 -2.7216e+00 +2.3184e+00 +7.4728e-01 +2.3698e-01 -3.0260e+00 +1.2984e+00 +4.1531e+00 +2.8866e+00
243 0 +4.405263743e+02 +4.811863743e+02 +4.811863743e+02 -3.3140e+00 -1.6522e+00 -1.6364e-01 +1.7802e+00 +2.2035e-01 +1.6562e+00 +1.4414e+00 -3.2604e+00 +3.1464e+00 +3.4698e-01 -3.4812e-01 +2.0877e-01 -1.4234e+00 +4.7034e+00 +2.6079e-01 +1.1266e+00 -2.2830e+00 +3.0640e+00 +4.4045e+00 +2.6305e+00
1839 0 +4.301404245e+02 +4.708004245e+02 +4.708004245e+02 -1.3641e+00 -3.2215e-01 +2.4097e+00 -3.3010e-01 +2.4129e+00 -1.7705e+00 -7.6940e-01 -6.6519e-01 -9.7042e-01 -1.6213e+00 -7.6856e-01 -7.9802e-01 -3.6549e+00 +7.5702e-01 +2.5288e+00 +2.1485e+00 +5.5030e-01 +2.5095e+00 +7.7731e-01 +3.3346e+00
