% f evaluations | g evaluations | best noise-free fitness - Fopt (7.948000000000e+01) + sum g_i+ | measured fitness | best measured fitness or single-digit g-values | x1 | x2...
1 0 +1.122663845e+02 +1.917463845e+02 +1.917463845e+02 +1.9936e-01 +1.2118e+00 -1.5066e-01 +1.4127e+00 +4.6601e-01 -9.9058e-01 -1.3142e+00 -4.3184e-01 +2.0633e+00 -4.0118e-02 +2.4347e-01 -8.8698e-02 -9.4187e-02 -8.3062e-01 -1.5922e+00 +8.9286e-01 -9.1388e-01 -6.2905e-01 +7.8144e-01 +3.9466e-01
2 0 +9.156148141e+01 +1.710414814e+02 +1.710414814e+02 -6.7401e-01 -7.5776e-01 +1.5035e-01 -7.7361e-01 +5.0645e-01 +9.0101e-01 +9.5158e-01 -1.1932e+00 +1.1772e-01 +6.7988e-01 +6.0786e-03 +1.3175e+00 -4.2672e-01 -6.5839e-01 +2.7469e-01 +1.3183e+00 -3.0393e-01 -7.7380e-01 +7.8904e-01 -1.4500e+00
4 0 +9.039642321e+01 +1.698764232e+02 +1.698764232e+02 -6.1651e-01 +3.1569e-01 -9.9854e-02 +3.5002e-01 -7.1391e-01 +8.4311e-01 -6.3045e-01 +9.4671e-01 +1.8005e+00 -9.5592e-01 -1.0092e+00 -1.2940e-01 -4.6688e-01 -4.6161e-01 -1.8489e-01 +1.5331e+00 +1.6914e+00 -5.1426e-03 +6.0280e-01 -1.7721e+00
7 0 +8.618888153e+01 +1.656688815e+02 +1.656688815e+02 -2.0726e-03 -1.1212e+00 -3.2639e-01 -4.8139e-01 +1.0190e+00 -4.5194e-01 -8.4235e-01 +1.1677e-01 +3.0298e-01 -6.8298e-01 -3.5248e-02 -7.2504e-01 +1.5145e+00 -1.6887e+00 +5.9606e-01 -2.2713e-01 -3.5274e-01 -1.2303e+00 +5.3099e-01 +3.0354e-01
363 0 +7.507954093e+01 +1.545595409e+02 +1.545595409e+02 -2.4334e-01 +1.8234e+00 -1.1744e+00 -2.9939e-01 -2.0076e-01 -1.1972e+00 +1.2113e+00 +3.4396e-01 -1.7415e+00 -8.8553e-01 -5.2570e-01 +1.9442e+00 -1.0552e+00 -3.0872e+00 +9.6835e-01 +2.4613e+00 -1.2211e+00 -1.0573e+00 +3.7690e+00 -4.9682e-02
876 0 +6.873010977e+01 +1.482101098e+02 +1.482101098e+02 +1.7395e+00 -2.8020e+00 +5.5579e-01 +6.4652e-01 -1.9052e+00 -4.6652e+00 +2.4218e+00 -2.0813e-01 -3.8104e+00 -2.7859e+00 -2.3435e+00 +1.0758e+00 -4.1520e-01 -1.9540e+00 +1.1644e+00 +2.2480e+00 -1.6484e+00 -2.1946e+00 +1.4980e+00 +3.8085e-01
1417 0 +6.336191082e+01 +1.428419108e+02 +1.428419108e+02 -1.4777e+00 -5.3603e-01 -4.4237e-01 +5.8106e-01 +5.3332e-01 -3.5180e-01 +2.0019e+00 -8.0491e-01 +8.7445e-01 +4.7459e-02 -3.4906e+00 +9.1222e-01 +2.4824e+00 -1.7661e+00 +2.8630e-01 +2.8827e+00 -1.7141e+00 -1.6695e+00 +1.4479e+00 +1.3790e+00
1423 0 +5.815845670e+01 +1.376384567e+02 +1.376384567e+02 -7.3957e-01 -8.7703e-01 -1.0176e+00 -1.0240e+00 -1.2763e+00 -7.5785e-03 +2.9614e-01 -4.7453e-01 +1.6383e+00 -2.6899e-02 -4.4219e+00 +2.6561e+00 +3.7152e+00 -9.8987e-01 +6.1680e-01 +2.3614e+00 -1.1966e+00 -2.9301e+00 +7.6831e-01 -4.0283e-01
% f evaluations | g evaluations | best noise-free fitness - Fopt (3.944800000000e+02) + sum g_i+ | measured fitness | best measured fitness or single-digit g-values | x1 | x2...
1 0 +1.421583102e+02 +5.366383102e+02 +5.366383102e+02 +5.7818e-01 -9.5163e-01 -4.7703e-01 +2.9995e-01 +7.6796e-01 -1.3489e+00 -6.1545e-01 -1.7908e+00 +1.2889e-02 +2.1357e+00 +2.1369e+00 +7.7869e-01 +1.5812e+00 +3.4436e-01 -7.2263e-01 +1.0520e+00 -2.3741e-01 +9.3308e-01 +2.3381e-01 +3.0812e-01
4 0 +1.087910673e+02 +5.032710673e+02 +5.032710673e+02 -5.6261e-01 -4.8118e-01 -9.7573e-01 +8.0721e-01 +8.4133e-01 -2.5660e-01 +1.0616e+00 -2.1233e-01 -1.1428e-01 -8.6888e-01 -1.1079e-01 +1.5393e-01 -2.3811e-01 +6.7851e-01 -1.1464e+00 +5.8677e-02 +8.8842e-01 +6.1301e-01 -2.0481e-01 +6.0684e-01
446 0 +1.026372083e+02 +4.971172083e+02 +4.971172083e+02 -3.3942e+00 -1.5731e+00 -1.2685e+00 -1.2222e+00 +8.4933e-01 +2.0805e+00 +4.1892e+00 -4.4022e-01 -1.8322e+00 -2.5731e+00 +5.8668e-01 +1.3372e+00 +1.7494e+00 +1.7627e-01 -4.3615e+00 +1.5231e+00 +8.4574e-01 +3.7508e-01 +7.7596e-01 -1.0810e+00
452 0 +8.783052020e+01 +4.823105202e+02 +4.823105202e+02 -3.2480e+00 +2.1241e-01 -2.9135e+00 +7.4457e-01 -2.1614e-01 +1.0135e+00 +3.4807e+00 -8.1645e-01 -1.2388e+00 -4.9045e+00 +2.9434e+00 +3.3319e-01 +3.2710e+00 -4.0997e-01 -4.8248e+00 +2.3148e+00 +5.6075e-01 -3.4860e-03 +2.6137e-01 -2.0759e+00
1430 0 +8.662596342e+01 +4.811059634e+02 +4.811059634e+02 -1.4095e+00 +3.8321e-01 -1.4013e-01 +3.4428e+00 +1.7751e+00 -1.8051e+00 +2.5316e+00 +1.3750e-01 +1.4533e+00 -1.6357e+00 -9.6470e-01 -8.2273e-01 +5.9719e-01 +1.6036e+00 -2.1729e+00 +2.7939e+00 +1.3115e+00 +2.3705e-01 -1.0315e+00 +9.3734e-01
% f evaluations | g evaluations | best noise-free fitness - Fopt (-2.471100000000e+02) + sum g_i+ | measured fitness | best measured fitness or single-digit g-values | x1 | x2...
1 0 +1.383107025e+02 -1.087992975e+02 -1.087992975e+02 -5.2183e-02 -3.2933e-01 -2.4657e+00 +5.2346e-01 +6.3436e-01 +1.4055e+00 -1.1606e+00 -3.8231e-01 -5.9852e-01 +4.2376e-01 -1.7395e+00 -1.8019e+00 +1.3799e+00 -1.7150e+00 +2.4336e+00 +1.4072e+00 +4.2696e-01 -1.6773e+00 +3.9631e-01 +3.5586e-01
5 0 +1.306543413e+02 -1.164556587e+02 -1.164556587e+02 +7.0473e-01 +6.2139e-02 +1.1825e+00 +2.8830e-01 +4.0220e-01 -5.8398e-01 +7.0951e-01 +8.3569e-01 -9.4580e-01 -1.7932e-01 +5.7345e-02 -1.0476e+00 +2.5196e+00 -5.0826e-02 +1.1333e+00 +1.7513e+00 +1.1840e+00 +2.1508e+00 +1.3229e+00 +1.2452e+00
7 0 +1.033371302e+02 -1.437728698e+02 -1.437728698e+02 -2.0861e+00 -7.4032e-01 -1.2149e+00 -2.0210e+00 -1.7005e+00 -5.3320e-01 +3.5491e-01 +2.3648e-01 -2.1318e+00 +4.7815e-02 -1.7623e-01 -2.0828e-01 +9.2047e-01 +1.3919e+00 -8.0994e-01 -4.3615e-01 +6.0174e-01 -8.9045e-01 -2.3878e-01 -2.2985e-01
316 0 +9.351564418e+01 -1.535943558e+02 -1.535943558e+02 -4.6365e+00 +1.6590e+00 +7.9199e-01 -1.2618e+00 -2.8381e+00 -2.5645e-01 +2.4408e+00 -2.5499e+00 -6.4216e-01 -1.4979e+00 +6.2212e-01 +1.6164e+00 +1.0956e+00 -1.9481e+00 -1.9892e+00 +1.3826e+00 +2.4998e+00 +1.0247e+00 +3.1086e+00 +1.6636e+00
825 0 +7.794174425e+01 -1.691682558e+02 -1.691682558e+02 -3.0322e+00 +2.3663e+00 +1.3660e+00 -2.9052e-01 -1.5391e+00 +1.7601e+00 +2.2164e+00 -3.8824e+00 +1.1911e+00 +2.4604e+00 -8.0381e-01 -1.1283e+00 +2.8447e+00 -1.1156e+00 +1.5183e+00 +1.3398e+00 +6.4401e-01 +4.0437e+00 +1.9513e+00 +1.5618e+00
1309 0 +7.699499717e+01 -1.701150028e+02 -1.701150028e+02 -2.0489e+00 -5.4854e-01 -1.1417e+00 -3.6398e+00 -4.1619e+00 -6.3488e-01 +1.0292e+00 -1.2792e-01 -2.3577e+00 +3.2011e+00 -2.1196e-01 +7.5274e-01 +1.6077e+00 -2.2701e+00 +2.8143e+00 +1.6398e+00 -1.2063e+00 -2.0055e-01 +2.8782e+00 +9.2128e-01
% f evaluations | g evaluations | best noise-free fitness - Fopt (-1.520400000000e+02) + sum g_i+ | measured fitness | best measured fitness or single-digit g-values | x1 | x2...
1 0 +1.600839961e+02 +8.043996077e+00 +8.043996077e+00 +1.3369e-01 +5.1698e-01 -1.4616e-01 +9.0302e-01 -1.2168e-01 -1.2946e+00 +1.1773e+00 +5.0548e-01 -7.5741e-01 -1.4401e+00 +1.1739e+00 +5.3766e-02 +8.9388e-01 -6.2782e-01 -4.1997e-01 +1.1399e+00 -1.3592e-01 +1.4490e+00 +2.9727e-02 -1.8753e+00
2 0 +1.060129963e+02 -4.602700365e+01 -4.602700365e+01 -1.1403e-01 -1.8406e+00 -1.9731e+00 +1.3379e-02 +1.2582e+00 -7.0388e-01 +8.0187e-01 +5.8949e-01 +1.2429e+00 +4.0923e-02 +2.4935e-01 +6.3423e-01 +3.3282e-01 +1.7530e-01 +2.8491e-01 +1.6002e+00 +6.1196e-01 +6.1337e-01 +2.3706e-01 -3.2787e-02
408 0 +1.021948766e+02 -4.984512338e+01 -4.984512338e+01 -2.5405e+00 -1.7597e+00 -1.6475e-01 +3.0116e+00 +1.0557e+00 -6.2799e-01 +1.6521e+00 +1.0367e+00 +3.7776e+00 +3.4601e+00 +1.7986e+00 -3.0868e+00 -9.3589e-01 -1.0356e-01 -1.8594e+00 +3.2770e+00 +2.4889e+00 -3.5284e-02 +1.1861e-01 +1.6879e-01
636 0 +8.856778463e+01 -6.347221537e+01 -6.347221537e+01 +7.8132e-01 -2.0927e+00 -3.7966e+00 +3.8277e+00 +2.9813e+00 -6.8535e-01 -3.4491e+00 +7.3179e-02 +2.9026e+00 +2.3552e+00 +2.9484e+00 -1.4476e+00 -2.5621e+00 -4.9948e-01 +9.7580e-02 +3.7371e+00 +3.4584e+00 +2.6251e-01 -1.3130e+00 -2.0273e-01
696 0 +8.495098057e+01 -6.708901943e+01 -6.708901943e+01 +2.1651e-01 +2.2831e+00 -1.1108e+00 +2.1490e+00 +2.1384e+00 -7.5618e-01 -4.9681e-01 -3.2200e+00 +7.8436e-02 +3.3500e-01 +1.7431e+00 +5.7869e-01 -2.9055e+00 -9.9363e-01 -1.9269e-01 +7.7208e-01 +2.2590e+00 +1.9852e+00 -1.2707e+00 +8.9721e-01
1285 0 +7.539870337e+01 -7.664129663e+01 -7.664129663e+01 -3.2984e-02 +1.8773e+00 -3.1723e+00 +4.4721e+00 +2.0680e+00 +1.3887e+00 +6.2482e-03 +1.7704e-01 +3.8923e+00 +1.2794e+00 +5.2387e-01 +2.5626e-01 -4.0901e+00 +1.6128e+00 +1.5186e+00 +2.6882e+00 +1.4812e+00 -9.7472e-02 +1.4098e+00 -2.1027e+00
% f evaluations | g evaluations | best noise-free fitness - Fopt (-2.525000000000e+01) + sum g_i+ | measured fitness | best measured fitness or single-digit g-values | x1 | x2...
1 0 +8.520042157e+01 +5.995042157e+01 +5.995042157e+01 +8.9872e-01 -7.7187e-01 +8.2148e-01 -1.2394e+00 -4.5976e-01 +1.1599e+00 +6.8602e-01 -1.6084e+00 +7.5789e-01 +6.8626e-01 +1.1445e+00 +7.6429e-01 +6.0044e-01 +9.0276e-02 +1.0569e+00 +1.5210e+00 -2.0026e+00 +1.6694e+00 -7.7279e-01 +1.2466e+00
4 0 +8.265788438e+01 +5.740788438e+01 +5.740788438e+01 +4.5075e-01 -1.9876e+00 -1.5143e+00 +1.5435e+00 -2.9102e-01 -1.4334e+00 -2.2048e+00 +1.8377e-01 +1.2889e+00 +3.8739e-01 +2.8041e-01 -3.3447e-01 +3.7096e-01 -1.5832e+00 +2.3694e+00 -6.8982e-01 +1.0106e+00 -6.2671e-01 +3.9515e-01 -2.8761e-01
6 0 +7.994287139e+01 +5.469287139e+01 +5.469287139e+01 +9.6761e-01 -6.3137e-01 -4.9062e-01 +5.6853e-01 +1.9641e-02 -6.9032e-01 +1.3724e+00 +6.6440e-01 -1.0671e-02 -9.5451e-01 +7.6727e-01 -5.8668e-01 -5.8675e-01 -1.0807e+00 -4.4019e-01 +5.6453e-02 -2.4783e+00 -9.3225e-01 -2.4576e-01 +9.7780e-01
8 0 +6.315267972e+01 +3.790267972e+01 +3.790267972e+01 +4.7465e-01 -5.8239e-01 -1.4923e+00 +8.2005e-01 +2.6439e-01 +2.1719e-01 +1.2625e-02 -9.9242e-01 +2.7740e-01 -7.9410e-01 +8.2761e-01 -1.1781e+00 -1.3414e+00 -1.0010e-01 -4.1239e-01 -3.2073e-01 -1.3078e+00 -2.7274e+00 -1.4143e+00 -1.3873e+00
765 0 +6.026771123e+01 +3.501771123e+01 +3.501771123e+01 +2.1397e+00 -2.4482e+00 -7.4069e-01 +1.5975e+00 +2.9851e+00 -1.1955e+00 -3.0039e+00 -3.3126e+00 +1.2590e+00 -4.1760e+00 +1.3212e+00 +1.5842e+00 +9.8513e-01 +1.4318e+00 -3.7736e-01 +6.7118e-01 +1.4369e+00 -2.2696e+00 +8.6044e-01 -1.2964e+00
819 0 +5.574711088e+01 +3.049711088e+01 +3.049711088e+01 +3.2796e+00 -2.2767e+00 -2.7023e+00 -3.9963e+00 -8.5178e-01 -2.0715e+00 -4.9828e+00 -2.0191e+00 +7.5058e-02 -2.1055e+00 +3.4694e+00 +1.7167e-01 -2.1847e+00 +1.6118e+00 +2.5464e+00 +1.6549e+00 -4.9549e-01 -9.3657e-01 +2.6371e+00 -3.4080e-02
1276 0 +3.442371342e+01 +9.173713424e+00 +9.173713424e+00 +4.1334e+00 +1.0584e+00 +1.7523e+00 -1.2435e+00 +2.9639e+00 -5.0750e-01 -2.5392e+00 -3.4259e+00 +5.4010e-01 +5.1483e-02 +3.7751e+00 +5.0961e-01 -2.9408e+00 -5.0739e-01 -7.9362e-01 +1.5319e-01 -6.6195e-01 -1.2585e+00 -3.1554e-01 -2.4066e+00
% f evaluations | g evaluations | best noise-free fitness - Fopt (1.830100000000e+02) + sum g_i+ | measured fitness | best measured fitness or single-digit g-values | x1 | x2...
1 0 +1.392967195e+02 +3.223067195e+02 +3.223067195e+02 +4.9975e-01 -1.4849e+00 -3.3007e-01 +1.2424e+00 -1.5615e+00 -4.8707e-01 -9.0183e-01 +8.5486e-01 -1.1331e+00 +3.1903e-01 +1.1954e-01 -1.1589e-01 +2.0208e+00 -1.2798e+00 -1.2035e+00 +1.4582e-01 +2.5313e-01 -7.2490e-01 +9.8131e-01 +9.2246e-01
2 0 +1.191374812e+02 +3.021474812e+02 +3.021474812e+02 +6.0751e-01 +1.5213e+00 +6.8467e-02 +6.0540e-01 -1.0464e+00 -2.8433e-01 -1.5967e+00 -7.8805e-01 +5.5327e-02 +1.7616e-01 +1.6775e+00 -5.8655e-01 -9.0095e-01 -6.8613e-03 -3.6940e-01 -3.5577e-01 +2.1603e+00 -5.3763e-01 -4.1334e-01 -1.8684e-01
5 0 +1.154825108e+02 +2.984925108e+02 +2.984925108e+02 -7.7015e-01 -9.0486e-02 -7.1573e-01 -1.1424e+00 -5.1562e-01 -1.3447e+00 +8.4426e-01 +7.9710e-01 +1.0971e+00 -9.5991e-01 -1.4757e+00 -1.3987e-01 -1.1818e-01 -1.9647e+00 +2.7433e-01 +5.5076e-01 +1.1877e+00 +1.2292e+00 -1.6087e-01 +2.3623e-02
25 0 +8.972297741e+01 +2.727329774e+02 +2.727329774e+02 -1.5053e+00 +1.1736e+00 -1.6911e+00 +3.5511e-01 -1.7855e+00 -3.8556e+00 -1.1748e+00 +1.9794e+00 +1.7227e+00 -1.8803e+00 +3.2289e+00 +2.7542e+00 +1.3394e+00 -1.3536e+00 +1.2215e-01 +1.4131e+00 +9.6331e-02 +1.1397e+00 +1.5243e+00 +1.0896e+00
345 0 +8.373261876e+01 +2.667426188e+02 +2.667426188e+02 -1.2320e+00 +1.2748e+00 -1.8382e+00 +2.9257e+00 +6.3834e-01 -2.3537e+00 -2.9459e+00 +2.5088e+00 -2.6974e+00 -1.3244e+00 +9.0780e-01 +1.1821e-01 +5.9389e-01 -2.6413e+00 +2.5251e+00 +3.4214e-01 +2.2075e+00 -1.3297e+00 +2.6940e+00 -1.8343e+00
433 0 +7.142285731e+01 +2.544328573e+02 +2.544328573e+02 -1.4927e-01 -6.6780e-01 -3.3610e+00 +1.3331e+00 -3.4839e+00 -2.8525e+00 -1.9524e+00 +3.2149e+00 +3.4262e+00 -1.0183e+00 +1.8931e+00 +1.1747e+00 -2.0206e+00 -3.5639e+00 +8.7891e-01 +1.9530e+00 +4.4872e+00 -2.8989e+00 +3.7217e+00 +7.4860e-01
449 0 +6.539625621e+01 +2.484062562e+02 +2.484062562e+02 -1.2049e+00 +5.2257e-01 -1.3136e+00 -7.6266e-01 -2.3158e+00 +1.2141e+00 -4.7922e+00 +9.3521e-01 +2.1850e+00 -4.6352e-01 +2.6270e+00 +2.0123e+00 -3.6431e+00 -4.3823e+00 +3.1329e+00 +1.5613e+00 -2.4380e+00 +9.2160e-01 -3.0273e-01 -2.7126e+00
% f evaluations | g evaluations | best noise-free fitness - Fopt (1.835200000000e+02) + sum g_i+ | measured fitness | best measured fitness or single-digit g-values | x1 | x2...
1 0 +1.619495035e+02 +3.454695035e+02 +3.454695035e+02 -9.4970e-01 -3.7872e-02 -7.6468e-01 +4.6181e-01 -7.2129e-01 -5.3671e-01 -8.8973e-02 +4.5134e-01 +8.5364e-01 -1.4926e-01 -3.3971e-01 -1.1426e+00 +1.7023e+00 -1.2799e+00 +7.0544e-01 +2.1255e+00 -1.4723e+00 +3.6888e-01 -5.2739e-01 +1.1369e+00
3 0 +1.535789703e+02 +3.370989703e+02 +3.370989703e+02 -9.2817e-01 +3.9969e-01 -1.9968e+00 -7.7049e-01 +7.8612e-01 +3.0106e-01 -5.7754e-01 -3.6496e-01 +3.1548e-01 -9.9541e-01 -5.3778e-01 +4.2837e-02 -8.2524e-01 +2.8798e-01 -4.7606e-02 -1.3015e+00 +4.6616e-02 +4.1956e-01 -2.7886e-01 +1.5878e+00
4 0 +1.340808430e+02 +3.176008430e+02 +3.176008430e+02 -8.9864e-01 -4.9380e-01 +9.0682e-01 -2.6936e-01 +5.6186e-01 +1.1423e+00 -1.4131e+00 -2.7593e-01 -5.4258e-01 +1.5964e+00 -1.8877e+00 +2.0171e+00 -4.7118e-02 -1.6801e-01 -1.3442e+00 -1.1053e-01 +8.3751e-02 -1.5511e-01 -1.7274e+00 +9.5000e-01
8 0 +1.263750312e+02 +3.098950312e+02 +3.098950312e+02 -5.1486e-01 -1.4820e+00 -9.4388e-01 +1.6561e-01 -4.0895e-01 -7.6693e-02 +2.1180e-01 -1.5366e+00 -7.5139e-02 -6.1671e-01 +2.6319e-01 +3.6166e-01 +1.8685e+00 -1.4021e+00 -1.5167e+00 +1.1551e+00 +7.8275e-01 +2.7087e-02 +4.5144e-01 -8.4513e-01
11 0 +1.167913102e+02 +3.003113102e+02 +3.003113102e+02 +4.2047e-01 +4.1273e-01 -5.6412e-02 -1.5111e+00 -9.1314e-01 -1.3641e+00 +2.4609e-01 +5.1319e-01 -1.8125e-02 -5.8789e-01 -1.0549e+00 +1.0697e+00 -1.2093e+00 -3.8334e-01 +9.5613e-01 +1.2876e-01 -1.5884e-01 +1.3977e+00 -2.2414e-01 -7.0902e-01
13 0 +9.653507083e+01 +2.800550708e+02 +2.800550708e+02 -1.9570e+00 -1.3031e+00 +2.3204e+00 -1.0929e+00 +2.8530e-01 +9.2551e-01 +4.3378e+00 +7.8321e-01 +1.7399e+00 +1.7182e+00 +5.4381e-01 +3.2164e+00 -2.9021e+00 -4.0886e-01 -1.9900e-01 +2.2460e-03 +2.6180e-01 +2.4136e+00 +4.0763e-01 -1.6750e+00
607 0 +9.332975198e+01 +2.768497520e+02 +2.768497520e+02 -5.0896e-01 -1.1145e-01 -1.8917e+00 -2.3561e-01 -1.5660e+00 +1.3275e+00 -2.2945e+00 +1.0039e+00 -2.7736e-02 -2.0463e+00 -2.9765e-01 -2.7442e-01 -4.1200e+00 -1.7477e+00 -1.4086e-01 +2.0586e+00 +3.0088e+00 +8.8214e-01 -1.4487e+00 -1.7078e+00
1213 0 +8.951315532e+01 +2.730331553e+02 +2.730331553e+02 +4.3643e-01 -2.6193e+00 -1.0606e+00 +6.6489e-02 +7.1255e-01 -2.2380e+00 +1.9684e+00 -9.7287e-01 +9.2137e-02 +1.8460e+00 -1.6721e+00 +2.6100e+00 -2.7650e-01 -1.3941e+00 -9.7637e-01 +1.2138e+00 -6.4332e-01 -2.0478e+00 -1.7387e+00 -2.3617e+00
1219 0 +8.179371857e+01 +2.653137186e+02 +2.653137186e+02 +2.0664e-01 -3.4961e+00 -1.1106e+00 +2.8371e-01 -8.9664e-02 +7.6485e-01 +1.8681e+00 -1.1061e+00 -1.4029e+00 +6.0559e-01 -2.4181e+00 +8.2494e-01 -6.8037e-01 -7.1997e-01 +8.1256e-01 +1.8487e+00 +1.0926e+00 -4.1735e+00 -1.8917e+00 -1.8410e+00
1221 0 +7.992320787e+01 +2.634432079e+02 +2.634432079e+02 +6.8962e-01 -3.0215e+00 -2.6173e+00 +2.2069e-01 +5.7671e-01 +4.3497e-01 +1.7054e+00 -1.3968e-01 -8.8772e-01 +1.6292e+00 -1.7905e+00 +5.7980e-01 -3.6656e-01 -7.4255e-02 -1.6372e+00 +3.4332e+00 -1.4448e+00 -1.3104e+00 -1.4833e+00 -1.6614e+00
% f evaluations | g evaluations | best noise-free fitness - Fopt (-5.938400000000e+02) + sum g_i+ | measured fitness | best measured fitness or single-digit g-values | x1 | x2...
1 0 +1.227270762e+02 -4.711129238e+02 -4.711129238e+02 -2.4694e+00 -7.6084e-01 -2.1031e-01 +3.0429e-01 -1.0263e+00 +8.5970e-01 +3.5813e-01 -3.2807e-01 +7.5136e-02 +1.2593e+00 -6.4087e-01 +7.1375e-01 +5.3593e-01 -3.9812e-01 -2.8264e-01 +8.2134e-01 +1.5160e+00 +7.2040e-01 -1.1679e+00 -1.3833e+00
2 0 +1.164250529e+02 -4.774149471e+02 -4.774149471e+02 +1.8275e-01 +6.7488e-01 +2.1489e+00 +1.5094e-01 +2.1647e-01 +5.9406e-01 +7.1752e-01 -3.8545e-01 +7.3646e-01 +3.0145e-01 -4.8375e-01 -1.1776e-01 -2.5580e-01 +1.1935e-01 -8.0082e-01 -1.4077e+00 -1.7224e+00 -4.1869e-01 +5.7677e-01 -8.0305e-01
7 0 +9.012278425e+01 -5.037172158e+02 -5.037172158e+02 -8.2193e-01 -1.2820e+00 -1.7581e-01 +1.2304e+00 +5.1174e-01 -4.0230e-01 -2.3718e+00 -4.8562e-01 -7.4160e-01 -7.6082e-01 +7.5173e-02 +4.2031e-01 -8.4420e-01 +5.7975e-01 +1.8758e-01 +1.0750e+00 +2.5915e+00 +5.3351e-01 +1.1513e+00 -4.0913e-01
10 0 +8.041301074e+01 -5.134269893e+02 -5.134269893e+02 -6.0642e-01 +1.1767e+00 -6.0692e-01 +5.9818e-01 +2.4336e+00 -2.3109e-01 -8.1986e-01 +3.6830e-01 -2.5057e+00 -3.0101e-01 +1.6382e+00 -7.5920e-01 +7.5402e-01 +2.8676e-01 +8.0245e-01 -3.1236e-01 +5.1456e-01 +5.8848e-01 +2.2724e-01 +7.3839e-01
377 0 +7.479414829e+01 -5.190458517e+02 -5.190458517e+02 -3.0153e+00 +1.0235e+00 +1.8420e+00 -4.8163e-01 -3.3240e-01 +5.3377e-02 +5.8254e-01 -1.9272e+00 -2.7433e+00 +7.5451e-01 +4.5813e+00 +8.0339e-01 -2.2700e+00 -6.1727e-01 -3.6569e+00 +6.3486e-01 +3.9750e-01 -1.9548e+00 +9.0665e-01 -4.0488e-01
1082 0 +6.752208675e+01 -5.263179133e+02 -5.263179133e+02 -9.7983e-01 -8.0816e-01 -1.6272e+00 +1.6622e+00 +6.3224e-01 -2.6858e+00 -2.1890e+00 +7.9704e-02 -3.6456e+00 +2.7359e+00 +3.4569e-01 -2.5102e+00 -2.9167e+00 -1.3557e+00 +1.7593e+00 -4.0828e-01 -1.1524e-01 +8.5576e-02 +1.1396e+00 +2.0053e+00
1994 0 +6.329569329e+01 -5.305443067e+02 -5.305443067e+02 +9.6037e-01 +1.9515e-01 +1.9032e+00 +1.2599e+00 +1.5164e+00 +9.8025e-01 -2.4511e+00 +1.5078e-01 -3.0502e+00 +1.1775e+00 +5.0205e-01 -8.7223e-01 -4.5668e+00 +6.1379e-02 -1.4147e+00 +1.2338e+00 +1.0451e+00 +1.1663e+00 +1.1715e+00 -1.2985e-01
% f evaluations | g evaluations | best noise-free fitness - Fopt (-1.000000000000e+03) + sum g_i+ | measured fitness | best measured fitness or single-digit g-values | x1 | x2...
1 0 +1.241278899e+02 -8.758721101e+02 -8.758721101e+02 -1.3908e-01 -2.7076e-01 +4.4255e-01 -4.0223e-01 +3.5387e-01 -1.5651e+00 -4.3499e-01 +1.0318e+00 +4.6799e-01 +1.4974e+00 -2.5166e-01 -4.1246e-01 +6.2980e-01 +1.5615e+00 -1.2344e-01 -9.4851e-01 +1.4930e+00 +6.7637e-01 -1.1437e+00 -5.9547e-01
2 0 +9.532408347e+01 -9.046759165e+02 -9.046759165e+02 -7.3592e-01 -9.6058e-01 -1.7287e+00 -1.3866e+00 -9.9954e-01 +1.6560e+00 -4.5144e-02 -1.4379e+00 -3.4341e-01 +5.2882e-01 -2.3049e-01 -8.1204e-01 +6.5901e-01 +1.3993e+00 -3.4283e-03 +1.2774e+00 +1.3049e-01 +1.5296e-01 +5.3092e-01 +1.4387e+00
6 0 +7.972419721e+01 -9.202758028e+02 -9.202758028e+02 -1.6515e+00 +1.3350e+00 +5.7899e-02 +7.9392e-01 +4.3007e-01 +6.6398e-01 +1.2756e+00 +3.8376e-01 -7.6457e-01 -7.0856e-01 -5.6018e-01 -1.6850e-01 +1.5028e+00 +1.5245e-02 -3.4110e-01 -2.7186e-01 -2.5452e-01 -1.4224e-01 +1.5155e-01 -3.3210e-01
570 0 +4.638174750e+01 -9.536182525e+02 -9.536182525e+02 -1.9588e+00 +2.5511e+00 -2.5575e-01 -8.2380e-01 +1.2698e+00 +2.2069e+00 +2.4420e+00 +2.0506e+00 -7.1342e-01 +2.7754e+00 -5.6991e-01 +1.4747e-01 -2.3836e-01 +3.8453e+00 -4.1463e-01 +2.4196e+00 +1.9479e+00 -1.6908e+00 +8.7220e-01 -1.2592e+00
% f evaluations | g evaluations | best noise-free fitness - Fopt (-2.531000000000e+01) + sum g_i+ | measured fitness | best measured fitness or single-digit g-values | x1 | x2...
1 0 +1.093735321e+02 +8.406353208e+01 +8.406353208e+01 +5.2386e-01 -8.5527e-01 -9.1549e-01 -5.4684e-01 +8.1045e-01 +5.6064e-01 -8.0615e-01 -8.6446e-01 +8.2787e-01 -5.5233e-01 +1.4602e+00 +5.2567e-01 -1.8128e+00 -3.9125e-02 +2.8268e-01 -1.0887e+00 -1.8734e+00 -6.3161e-01 +7.3974e-01 -5.6412e-01
4 0 +5.570331978e+01 +3.039331978e+01 +3.039331978e+01 +4.2368e-01 +3.8383e-01 +3.5550e-02 -1.1918e-01 +2.5100e-01 -1.1148e+00 -8.9248e-01 +9.4374e-02 -2.1003e+00 +1.7660e+00 -3.1041e-01 +5.5256e-01 +8.4761e-01 +3.0130e-01 -9.5727e-01 -1.2821e+00 -1.3897e+00 -9.8730e-01 -8.3364e-01 +8.3032e-02
% f evaluations | g evaluations | best noise-free fitness - Fopt (2.228000000000e+01) + sum g_i+ | measured fitness | best measured fitness or single-digit g-values | x1 | x2...
1 0 +9.804141181e+01 +1.203214118e+02 +1.203214118e+02 +1.7972e+00 -1.5870e+00 -2.0384e-01 +3.6631e-02 -7.5933e-01 -6.4254e-01 +3.6589e-01 -1.5010e-01 +7.5445e-01 +1.1386e+00 -9.5895e-01 -2.7216e-01 +6.0222e-02 +1.1474e-02 +2.9789e-01 +7.9312e-01 -2.3905e+00 -2.0846e+00 +1.3072e+00 -5.1865e-01
4 0 +8.444556099e+01 +1.067255610e+02 +1.067255610e+02 +9.6585e-01 +5.9651e-01 +2.7427e-01 +8.5525e-01 +1.7657e-01 +8.1125e-01 +1.3137e+00 +5.4942e-01 +1.0942e+00 +4.0760e-01 -1.1350e+00 -3.1881e-01 -1.2671e+00 -1.0854e-01 +1.1166e-01 +1.0137e+00 +3.5522e-01 +2.2811e-01 -4.4358e-01 -6.1085e-03
288 0 +7.904701478e+01 +1.013270148e+02 +1.013270148e+02 +4.7020e-02 -7.1330e-01 +1.3435e+00 -3.1803e-01 -1.0684e+00 +3.3165e+00 -7.3898e-01 +4.6660e+00 +5.4707e-01 +5.1902e-01 +3.9095e+00 -1.5960e+00 -1.2921e+00 -4.5037e+00 +1.7660e+00 -3.0954e-01 -1.5510e+00 +1.9036e-01 -1.4546e+00 +1.8603e+00
290 0 +7.519002453e+01 +9.747002453e+01 +9.747002453e+01 +1.0848e+00 -9.2671e-01 +4.4637e+00 -8.6830e-01 -1.9515e+00 +2.7160e+00 +7.3289e-02 +4.5756e+00 +2.2476e+00 +3.5969e+00 +3.4506e+00 -1.9611e-01 -6.2244e-01 -3.2865e+00 +1.3555e+00 -2.8108e+00 +3.7096e-02 -6.5050e-01 +2.8702e-01 +1.4275e+00
291 0 +7.176407017e+01 +9.404407017e+01 +9.404407017e+01 -4.3823e-01 +1.4155e-01 +1.3898e+00 -1.1855e+00 -3.0126e+00 +4.1127e+00 -2.1863e-01 +4.5823e+00 +1.6505e-01 +1.0043e+00 +3.6256e+00 -9.7471e-01 +3.0541e-01 -2.1921e+00 +2.5066e+00 -2.8316e+00 -1.1338e+00 -7.1803e-01 +1.3393e+00 +7.2932e-01
1872 0 +7.034685237e+01 +9.262685237e+01 +9.262685237e+01 +2.6343e+00 +4.8841e-01 -8.3866e-01 +1.9778e+00 -6.7289e-01 +1.6562e+00 +1.9420e-01 +1.2238e+00 -3.3189e-01 +1.3865e+00 -3.4575e+00 -3.9190e-01 -2.8676e+00 -3.0541e-01 +2.8839e+00 -1.5821e-01 +2.0012e+00 +9.8001e-01 +2.3960e-01 +1.3457e+00
% f evaluations | g evaluations | best noise-free fitness - Fopt (3.561400000000e+02) + sum g_i+ | measured fitness | best measured fitness or single-digit g-values | x1 | x2...
1 0 +1.318880055e+02 +4.880280055e+02 +4.880280055e+02 -7.9806e-02 +8.0694e-01 +7.0901e-01 -3.5923e-01 -7.7712e-01 -6.8163e-01 +5.9636e-01 +9.4271e-01 -9.1936e-02 -1.5204e+00 -6.8146e-01 -1.1413e+00 +1.7735e+00 +8.6920e-01 -5.4130e-01 +5.2129e-01 +4.4126e-01 +7.3839e-01 +1.1041e-01 +3.4099e-01
2 0 +1.101346424e+02 +4.662746424e+02 +4.662746424e+02 -5.7718e-01 -6.2782e-01 +3.8524e-01 +3.1646e-01 +3.0881e-01 +3.0591e-02 -1.1399e+00 -3.3573e-01 -7.3123e-02 -4.0554e-01 +6.8205e-02 -1.8419e-01 -7.0773e-01 -8.4977e-01 -1.9406e-01 -4.8102e-01 -4.9207e-01 +7.0031e-01 +1.0718e+00 +3.2687e+00
5 0 +8.740161674e+01 +4.435416167e+02 +4.435416167e+02 -6.2288e-02 +1.5068e+00 -8.1929e-01 +6.0878e-02 +1.0856e+00 +5.6889e-01 -2.9567e-01 +6.1375e-01 +7.1561e-01 -9.8318e-01 +9.4878e-01 +6.1670e-01 -1.1828e+00 +1.9969e+00 -2.1430e+00 +4.8541e-02 -1.4928e+00 -1.2766e-01 -2.6675e-01 +7.0692e-01
11 0 +5.530336830e+01 +4.114433683e+02 +4.114433683e+02 +1.6966e-01 -3.5142e-01 -1.1844e-01 +7.2402e-01 +7.3675e-02 +1.9068e+00 -8.3317e-01 +9.8438e-01 -2.2601e+00 +3.3695e-01 +1.6863e+00 +1.2623e+00 +3.5397e-01 +3.6030e-01 -8.3530e-01 -7.5843e-01 -1.6100e+00 +6.5187e-01 +2.9986e-01 +2.0216e+00
% f evaluations | g evaluations | best noise-free fitness - Fopt (-4.757000000000e+02) + sum g_i+ | measured fitness | best measured fitness or single-digit g-values | x1 | x2...
1 0 +1.286445222e+02 -3.470554778e+02 -3.470554778e+02 +5.6487e-01 -2.2422e-01 -2.9650e+00 +1.0420e+00 -5.6394e-01 -1.4475e+00 +9.7053e-01 +4.4667e-01 -1.7714e-01 -7.6476e-02 +6.5376e-01 +1.9579e+00 +8.6870e-01 -1.7037e+00 +8.5479e-01 -1.0755e+00 +5.0674e-01 +4.6074e-01 -9.0767e-01 +1.0021e+00
3 0 +1.170109543e+02 -3.586890457e+02 -3.586890457e+02 -4.4504e-01 +6.2045e-02 -6.2640e-01 -1.1965e+00 +1.3889e-01 +1.7796e+00 +9.1701e-01 -2.7685e-01 -1.0667e+00 -6.8431e-01 -1.1931e+00 +5.0794e-01 -6.5593e-01 -9.8494e-01 +4.8537e-01 +3.0407e-01 -4.1900e-01 -2.3590e+00 -2.2106e+00 +1.4328e-01
7 0 +1.106036963e+02 -3.650963037e+02 -3.650963037e+02 +8.0853e-01 +6.4421e-01 +1.3153e+00 +9.4540e-01 +5.2112e-01 -4.3786e-01 +4.8707e-02 -1.4436e-01 +6.7147e-01 -2.8480e-01 -1.0200e+00 -9.3121e-01 -5.8748e-01 +8.0648e-01 +2.9903e-01 -5.1359e-01 -1.5788e-01 -7.1000e-02 +1.3364e+00 -7.2016e-02
8 0 +9.319942744e+01 -3.825005726e+02 -3.825005726e+02 -2.3969e-01 +8.0667e-01 +1.3109e+00 -2.2605e-02 -1.4510e+00 +2.6983e-01 -2.9710e-01 -1.0443e+00 +6.1332e-01 +3.5411e-02 -6.9409e-03 +4.7244e-02 -1.8427e-01 -1.9854e+00 +1.0971e+00 -9.0672e-01 -1.0404e-01 +6.2817e-02 -1.3794e+00 +1.2209e+00
11 0 +7.965917350e+01 -3.960408265e+02 -3.960408265e+02 -3.4760e-01 -1.1868e+00 +1.3986e+00 +1.2604e-01 -8.2076e-01 -2.0124e-01 -4.0745e-01 +8.5858e-01 -1.8804e+00 +7.7401e-01 +3.7216e-01 +2.0064e+00 +6.0216e-01 -2.1130e-01 -2.9178e-01 -2.2182e-01 -6.7210e-01 -7.1105e-01 -1.7322e+00 -1.2598e+00
% f evaluations | g evaluations | best noise-free fitness - Fopt (-1.000000000000e+03) + sum g_i+ | measured fitness | best measured fitness or single-digit g-values | x1 | x2...
1 0 +1.508565504e+02 -8.491434496e+02 -8.491434496e+02 -1.2175e+00 +8.6717e-01 -8.2854e-01 -6.7813e-01 -8.5223e-02 -4.8261e-01 -1.8994e+00 -7.6237e-01 +8.1478e-01 +2.7125e-01 -9.0317e-01 +4.4987e-01 +1.7122e+00 +1.1090e+00 -6.5332e-01 +2.0048e+00 +1.0768e+00 -9.7007e-01 +4.6370e-01 -9.6005e-01
2 0 +1.506762434e+02 -8.493237566e+02 -8.493237566e+02 +2.7661e-01 -4.4069e-01 +2.9464e-01 +2.3136e-01 +7.9227e-01 -7.0907e-01 -4.6211e-02 +4.0770e-01 -1.0574e-01 +6.9704e-01 -9.7608e-01 -1.9627e+00 -1.7893e-01 +8.8865e-01 +4.3742e-01 -2.0069e-01 -4.2838e-01 -5.2480e-01 -9.7499e-02 +1.6846e+00
3 0 +1.212963109e+02 -8.787036891e+02 -8.787036891e+02 -1.1618e+00 -1.2348e+00 +4.8890e-01 -2.3528e+00 +5.9517e-01 -1.3734e+00 -5.1868e-01 -7.2610e-01 -3.6597e-01 -3.4441e-01 -1.2895e+00 -1.4255e-01 +1.6406e-01 -1.7354e-01 +6.4703e-01 -1.0328e+00 +4.0486e-01 -1.1162e+00 -3.7627e-01 -7.3396e-01
11 0 +1.153575910e+02 -8.846424090e+02 -8.846424090e+02 -1.8097e+00 +4.2278e-01 -1.4318e+00 -1.5278e+00 -1.2693e-01 -6.5771e-01 -1.0696e+00 +1.3197e+00 -1.8827e+00 -1.5743e+00 +1.4171e-01 -3.1886e-01 -1.3354e+00 -4.1586e-01 +9.0612e-01 -1.6594e-01 -3.1675e-01 -6.3148e-01 +5.1552e-01 -1.2381e+00
39 0 +9.038998647e+01 -9.096100135e+02 -9.096100135e+02 -2.0752e+00 +2.7622e+00 -2.4162e-01 -1.9262e+00 +1.1767e+00 +1.3725e+00 -1.9367e+00 +9.0983e-01 -3.4128e-01 -3.8402e-01 -7.5715e-01 +2.7694e+00 +9.3969e-01 -1.5032e+00 -9.2695e-01 -1.5121e+00 -2.4806e+00 +3.5202e+00 +1.2085e+00 +6.9003e-01
422 0 +8.357667339e+01 -9.164233266e+02 -9.164233266e+02 -2.1977e+00 +1.9115e+00 -3.5822e-01 -3.3275e-01 -1.3634e+00 -3.3713e+00 -3.6626e+00 +2.8133e+00 -2.8612e+00 -2.9548e+00 -8.8628e-01 -6.8057e-01 +1.5954e+00 +3.4571e-01 +1.4837e+00 -1.0055e+00 -1.7140e+00 +1.2304e+00 -1.1327e-01 +2.9121e-02
% f evaluations | g evaluations | best noise-free fitness - Fopt (-4.158000000000e+01) + sum g_i+ | measured fitness | best measured fitness or single-digit g-values | x1 | x2...
1 0 +8.888976255e+01 +4.730976255e+01 +4.730976255e+01 -3.6288e-01 +8.7532e-01 +3.3032e-01 -5.2111e-01 -4.0624e-01 +1.2948e-01 +2.5219e-01 +2.0073e-03 -1.3740e+00 -1.0767e+00 +5.4321e-01 +1.2247e+00 +5.9687e-01 -3.8931e-01 -1.7004e+00 +6.6141e-01 -9.8239e-01 -2.7123e-01 +1.8743e-01 -5.2596e-02
4 0 +7.810765134e+01 +3.652765134e+01 +3.652765134e+01 -1.0405e-01 +1.1963e+00 -1.1114e+00 +1.8200e+00 -1.7817e+00 +6.5297e-02 -1.0912e+00 -5.6243e-01 -3.3784e-01 +1.1973e+00 -2.5715e-02 -2.8127e-01 +4.8244e-01 +5.6149e-01 -1.0671e+00 -5.1366e-01 +8.0881e-01 -4.9374e-01 +1.4482e+00 -4.1659e-01
52 0 +7.325416521e+01 +3.167416521e+01 +3.167416521e+01 +9.9186e-01 +6.7890e-01 -1.0465e+00 -1.8674e-01 -3.1134e+00 +3.1802e+00 -2.3674e-02 -2.5077e-01 -2.9864e+00 +2.4961e+00 +5.9604e-01 +3.9224e+00 -2.2895e+00 -1.2127e+00 -1.2280e+00 +2.5412e+00 +1.8527e+00 +2.3241e-01 +6.5174e-01 -1.5266e+00
647 0 +7.103472150e+01 +2.945472150e+01 +2.945472150e+01 -2.1239e-01 -1.1746e+00 +4.0062e-01 +1.6943e-01 -6.0555e-01 +2.0515e+00 +1.6041e+00 -2.7156e+00 +1.2607e-01 +1.3182e-01 +2.4479e+00 +2.4583e+00 +1.2533e+00 -2.4929e+00 +4.1073e-02 +3.2470e+00 +5.2337e-01 +9.6909e-01 -1.2659e+00 -3.1046e+00
674 0 +6.024859680e+01 +1.866859680e+01 +1.866859680e+01 +2.5743e+00 +4.5936e+00 -3.6559e+00 -3.0642e+00 +2.0048e+00 +1.9186e+00 -8.6455e-01 -2.3993e+00 +1.3770e+00 -3.1539e-01 -5.3868e-02 +3.2306e+00 +1.1213e+00 -1.2513e+00 -1.7869e+00 +1.8591e+00 +1.9013e+00 +2.1936e+00 -2.3105e+00 -3.4206e+00
687 0 +5.186477365e+01 +1.028477365e+01 +1.028477365e+01 +2.4811e+00 +9.4126e-01 -1.5656e+00 +3.4686e-01 +1.3828e+00 +2.5504e+00 +7.0468e-02 -1.3716e+00 +1.5808e+00 +1.7239e+00 -1.6163e+00 +2.6461e+00 +1.1159e+00 +1.4528e+00 -3.2424e+00 -1.0736e+00 +6.7451e-01 +1.0160e+00 +1.4466e+00 -1.1788e+00
