% f evaluations | g evaluations | best noise-free fitness - Fopt (7.948000000000e+01) + sum g_i+ | measured fitness | best measured fitness or single-digit g-values | x1 | x2...
1 0 +4.420109361e+01 +1.236810936e+02 +1.236810936e+02 -9.7451e-01 +2.5316e-01 +7.1593e-01 -2.2824e+00 +8.9876e-01 +2.2680e+00 +2.4433e-01 +7.1786e-01 -5.2237e-01 -1.3105e+00
2 0 +2.673290011e+01 +1.062129001e+02 +1.062129001e+02 -2.9498e-01 +2.0165e-01 -1.9421e+00 +1.7338e+00 +5.4842e-02 +5.5361e-01 +2.3795e-01 +6.8251e-01 +1.6583e+00 -9.8605e-01
72 0 +2.086732984e+01 +1.003473298e+02 +1.003473298e+02 +9.5949e-01 -6.5936e-01 +7.3104e-01 -1.1438e+00 -3.2162e+00 -1.0837e+00 +2.0237e+00 -6.7510e-01 -2.4819e+00 -3.2611e+00
569 0 +8.225842456e+00 +8.770584246e+01 +8.770584246e+01 -8.1835e-01 -3.6448e-01 +3.2594e-02 +1.9908e+00 -1.5732e+00 +5.0470e-01 -9.8800e-01 -5.6315e-01 +2.0596e-01 -2.9149e+00
% f evaluations | g evaluations | best noise-free fitness - Fopt (3.944800000000e+02) + sum g_i+ | measured fitness | best measured fitness or single-digit g-values | x1 | x2...
1 0 +8.913257992e+01 +4.836125799e+02 +4.836125799e+02 +5.3490e-01 -1.4658e+00 -2.1941e-01 +1.8470e-01 -8.5542e-01 +6.9348e-01 +1.1965e+00 -1.5086e+00 -9.7514e-01 +6.2246e-01
5 0 +7.673952380e+01 +4.712195238e+02 +4.712195238e+02 +9.4687e-02 -1.4224e-01 -1.1540e-01 +7.0950e-01 +1.9374e-01 -1.4526e+00 +3.0201e-01 -5.8004e-01 -6.5577e-01 +3.8216e-01
90 0 +5.009997888e+01 +4.445799789e+02 +4.445799789e+02 -3.2143e+00 -1.1255e-01 -3.4492e+00 +3.1101e+00 +2.3542e+00 +1.8393e+00 +2.9631e+00 -1.9516e+00 -1.1193e+00 +4.6507e-02
109 0 +4.215512840e+01 +4.366351284e+02 +4.366351284e+02 -3.8366e+00 -1.7072e+00 -1.8332e+00 +2.4487e+00 +1.8301e+00 -1.7147e+00 -4.4430e-01 -9.4743e-01 +1.2389e+00 -1.7903e-01
185 0 +3.189240102e+01 +4.263724010e+02 +4.263724010e+02 -2.0308e+00 +1.1082e+00 -2.2990e+00 +3.3466e+00 +1.1451e+00 -1.4045e+00 +2.3249e+00 +5.3123e-01 -5.1376e-01 -1.5352e+00
186 0 +2.507902551e+01 +4.195590255e+02 +4.195590255e+02 -1.4859e+00 +5.1625e-01 -3.4325e+00 +3.7945e+00 -1.2315e+00 -2.5825e+00 +3.8663e+00 -7.5017e-01 -1.2668e+00 -2.0977e+00
% f evaluations | g evaluations | best noise-free fitness - Fopt (-2.471100000000e+02) + sum g_i+ | measured fitness | best measured fitness or single-digit g-values | x1 | x2...
1 0 +9.132114586e+01 -1.557888541e+02 -1.557888541e+02 -1.3618e+00 -3.7048e-01 -1.6455e+00 +1.1212e+00 +6.8404e-01 +3.2635e-02 -4.1818e-01 +4.6104e-01 +1.1083e+00 +5.3093e-02
9 0 +7.340732481e+01 -1.737026752e+02 -1.737026752e+02 -1.9923e+00 +2.9894e-01 +2.7948e-01 +6.8061e-01 +3.6168e-01 -1.0844e+00 -9.2970e-02 -1.8307e+00 +1.8961e+00 +1.1298e-01
21 0 +5.728761552e+01 -1.898223845e+02 -1.898223845e+02 +2.6450e-01 +2.4671e+00 +1.2040e+00 -9.2761e-01 +9.1136e-01 +8.7212e-01 +3.4368e+00 -4.2373e+00 -2.5419e+00 +2.8126e+00
91 0 +3.561270881e+01 -2.114972912e+02 -2.114972912e+02 -2.9085e+00 -1.3039e+00 +9.9673e-01 -1.2510e+00 -4.2044e+00 +3.8235e+00 +1.5963e-01 -1.4356e+00 -1.4897e+00 +1.1720e+00
207 0 +1.328765921e+01 -2.338223408e+02 -2.338223408e+02 -1.9719e+00 -1.6036e+00 -4.8263e-01 -3.4479e+00 -1.7284e+00 +3.9017e+00 +3.0627e+00 -3.2410e+00 -9.1525e-01 +1.8223e+00
% f evaluations | g evaluations | best noise-free fitness - Fopt (-1.520400000000e+02) + sum g_i+ | measured fitness | best measured fitness or single-digit g-values | x1 | x2...
1 0 +5.621264183e+01 -9.582735817e+01 -9.582735817e+01 +2.6710e+00 +7.9775e-01 -4.5449e-01 +7.5113e-01 -6.0963e-01 -5.6041e-01 +1.7766e-01 -1.9144e-01 -3.9959e-01 -2.6110e-01
2 0 +4.779441725e+01 -1.042455827e+02 -1.042455827e+02 -6.6745e-01 +1.0106e+00 +4.0101e-01 +8.3759e-01 +1.6778e+00 +1.7456e+00 -3.6931e-01 -7.6698e-01 -2.1889e-01 -5.6772e-01
41 0 +4.655982333e+01 -1.054801767e+02 -1.054801767e+02 +1.5481e+00 -4.1554e-01 -1.6181e+00 -2.6147e-01 +4.6170e+00 +1.4793e+00 +1.0029e+00 +1.9190e+00 +6.7713e-01 +1.4261e+00
45 0 +2.322901268e+01 -1.288109873e+02 -1.288109873e+02 +9.4165e-01 +1.9455e+00 -1.6037e+00 +3.7117e-01 +2.6746e+00 +1.2349e+00 +3.4119e-01 +2.0795e-01 -2.6634e-01 +2.5458e+00
189 0 +2.059824502e+01 -1.314417550e+02 -1.314417550e+02 +7.9858e-01 +2.0692e+00 -1.9751e+00 +1.4548e+00 +2.0311e+00 -2.8170e+00 -2.0150e+00 -1.7667e+00 +1.2415e+00 +2.8474e+00
436 0 +2.018996404e+01 -1.318500360e+02 -1.318500360e+02 +2.1474e+00 +6.4019e-01 -1.7912e+00 +2.2471e+00 +2.1849e+00 +9.2296e-01 -3.3206e+00 -7.1736e-01 +8.2279e-01 +2.4726e+00
% f evaluations | g evaluations | best noise-free fitness - Fopt (-2.525000000000e+01) + sum g_i+ | measured fitness | best measured fitness or single-digit g-values | x1 | x2...
1 0 +4.608847786e+01 +2.083847786e+01 +2.083847786e+01 +5.1308e-01 +1.0050e+00 -6.4868e-01 -1.6513e+00 -8.8537e-01 +4.0496e-01 +5.6358e-01 +2.2310e-01 +9.4256e-02 -9.8054e-01
10 0 +3.773329465e+01 +1.248329465e+01 +1.248329465e+01 -8.5545e-01 +6.0405e-01 +1.0848e+00 -1.2323e+00 +1.2308e+00 -9.2413e-01 -5.9830e-01 -3.6025e-01 +1.3792e+00 -2.8574e+00
131 0 +3.114334301e+01 +5.893343012e+00 +5.893343012e+00 +2.4581e+00 +2.6323e-02 -9.3172e-01 +3.6581e-01 +1.9557e+00 -1.7145e+00 +8.8428e-01 -2.7590e+00 -6.2843e-01 -1.0895e+00
352 0 +2.894286232e+01 +3.692862317e+00 +3.692862317e+00 +2.9306e+00 -2.3886e+00 +5.8002e-01 -1.6708e-01 +4.0163e+00 +9.8239e-01 +2.3342e-01 -2.2334e+00 +4.2146e-02 -3.4232e+00
474 0 +2.228026117e+01 -2.969738830e+00 -2.969738830e+00 +1.0172e+00 -9.9674e-01 -4.0787e-01 +5.2929e-01 +4.0310e+00 +9.6755e-01 -7.7893e-01 -2.0973e+00 +1.3734e+00 -2.7586e+00
943 0 +2.054973905e+01 -4.700260948e+00 -4.700260948e+00 +1.6025e+00 +6.1756e-01 +7.1818e-01 -1.3153e+00 +2.5496e+00 +1.6811e+00 -2.9035e+00 -3.2822e+00 -9.2819e-01 -3.0298e+00
995 0 +2.039308872e+01 -4.856911278e+00 -4.856911278e+00 +1.6767e+00 -1.2941e+00 +7.9538e-01 -1.1929e+00 +2.0575e+00 -1.7589e+00 -2.8230e+00 -1.4597e+00 +8.9928e-01 -1.1304e+00
% f evaluations | g evaluations | best noise-free fitness - Fopt (1.830100000000e+02) + sum g_i+ | measured fitness | best measured fitness or single-digit g-values | x1 | x2...
1 0 +7.370120682e+01 +2.567112068e+02 +2.567112068e+02 +3.2737e-01 -4.1780e-02 -6.1237e-01 +8.2877e-01 -4.8853e-01 +1.7859e-01 +1.4193e+00 +1.4853e+00 -3.5857e-01 -4.8144e-01
9 0 +6.728858756e+01 +2.502985876e+02 +2.502985876e+02 +7.5124e-01 +1.9893e+00 -1.6555e+00 +9.9543e-01 +2.6875e-01 -1.1578e+00 +8.1735e-01 +3.6402e-01 -5.3567e-01 -2.8777e+00
10 0 +4.433392513e+01 +2.273439251e+02 +2.273439251e+02 -1.2738e+00 +7.3037e-01 -2.1330e+00 +9.8006e-01 -1.1358e+00 -1.7372e-01 -1.2497e+00 -3.3982e-02 -5.2359e-01 +2.4240e-01
14 0 +3.753035625e+01 +2.205403563e+02 +2.205403563e+02 -2.2658e-01 -6.5960e-01 -3.1477e+00 -6.7551e-01 -4.3133e+00 -1.6079e+00 -4.9898e+00 +2.8051e-01 +6.9958e-01 -8.9157e-01
565 0 +3.515333506e+01 +2.181633351e+02 +2.181633351e+02 -1.5196e+00 +3.5272e+00 -3.4683e+00 -5.6479e-01 -1.5964e+00 +1.4271e+00 -2.8949e+00 +3.9030e-01 -1.0264e+00 +1.8445e-01
857 0 +1.686663331e+01 +1.998766333e+02 +1.998766333e+02 -1.9675e+00 +2.3159e+00 -4.2058e-01 +2.5788e+00 -1.5121e+00 -8.4880e-01 -2.6853e+00 +1.7565e+00 +3.2543e+00 -2.0930e+00
% f evaluations | g evaluations | best noise-free fitness - Fopt (1.835200000000e+02) + sum g_i+ | measured fitness | best measured fitness or single-digit g-values | x1 | x2...
1 0 +3.615299661e+01 +2.196729966e+02 +2.196729966e+02 +1.4114e+00 -1.8546e+00 -7.5392e-01 +2.4106e-01 -6.7627e-01 +3.9425e-01 +4.2226e-01 +1.0808e-01 +1.1328e+00 -1.2948e+00
182 0 +3.133521415e+01 +2.148552142e+02 +2.148552142e+02 +1.0755e-01 -9.2685e-01 -1.6495e+00 -2.1837e+00 -1.2029e+00 +4.2376e+00 +1.6799e+00 -8.2974e-01 +1.9027e+00 -1.7252e+00
348 0 +2.940215818e+01 +2.129221582e+02 +2.129221582e+02 -1.2784e-01 -1.6702e+00 -5.6207e-01 -1.9739e+00 -1.9766e+00 +1.4248e+00 +2.9387e+00 -1.1575e+00 +2.9964e+00 -3.2424e-02
416 0 +2.584497322e+01 +2.093649732e+02 +2.093649732e+02 +3.1999e-01 -2.7348e+00 +2.4844e-01 -1.2259e+00 -1.1103e+00 +1.5184e+00 +3.7647e-01 +2.8953e-01 +1.0286e+00 -1.1427e-01
650 0 +2.515789793e+01 +2.086778979e+02 +2.086778979e+02 -6.9834e-01 -4.6524e+00 -2.9035e+00 -1.0287e+00 -1.1705e+00 +4.6852e-01 +6.9863e-01 -4.3872e-01 +1.5914e-01 -4.6389e-01
% f evaluations | g evaluations | best noise-free fitness - Fopt (-5.938400000000e+02) + sum g_i+ | measured fitness | best measured fitness or single-digit g-values | x1 | x2...
1 0 +9.686649126e+01 -4.969735087e+02 -4.969735087e+02 -2.1128e-01 -3.7442e-01 +7.5656e-01 -2.9870e+00 -1.2342e+00 -9.8798e-01 -1.2186e-01 +1.7535e+00 -2.2475e-01 -1.3870e+00
2 0 +7.452780156e+01 -5.193121984e+02 -5.193121984e+02 +7.0606e-01 +4.0605e-02 -1.1517e+00 -1.1530e+00 +5.9234e-02 +4.6315e-01 +3.4103e-01 -1.4067e+00 +1.4040e+00 -6.1267e-01
4 0 +6.027624152e+01 -5.335637585e+02 -5.335637585e+02 +1.1963e+00 +9.8398e-01 +1.1701e+00 -4.9920e-01 +3.0589e-01 +1.4909e+00 -6.9134e-01 +6.8428e-01 +5.3498e-01 -6.1404e-01
5 0 +3.366511261e+01 -5.601748874e+02 -5.601748874e+02 -8.9951e-01 -1.2091e+00 +2.3048e+00 +1.4952e+00 +5.4549e-01 +1.3732e+00 -7.2319e-01 +4.9240e-01 +2.3647e-03 +1.2637e+00
48 0 +3.052553135e+01 -5.633144686e+02 -5.633144686e+02 -7.1363e-01 +2.9813e+00 +7.4248e-01 +2.2283e+00 +1.7883e-01 +1.1781e+00 -1.6549e+00 +2.8834e-01 -3.1014e-01 +2.4868e+00
784 0 +2.612349177e+01 -5.677165082e+02 -5.677165082e+02 -1.6051e+00 +1.5899e+00 -1.0507e+00 +7.0684e-01 -7.3738e-01 +4.8442e+00 -2.8869e+00 -1.3993e+00 -3.1887e+00 -4.4864e-01
786 0 +2.313485410e+01 -5.707051459e+02 -5.707051459e+02 -1.4236e+00 +7.7869e-01 -1.3714e+00 +7.8515e-01 +2.6279e-03 +2.9678e+00 -1.0769e+00 -1.6695e+00 -3.0656e+00 -3.7805e-01
788 0 +1.763548971e+01 -5.762045103e+02 -5.762045103e+02 -1.3475e-01 +1.3835e+00 -5.7891e-01 -1.5101e-01 +1.8259e+00 +3.1650e+00 -3.1763e+00 -1.0191e+00 -2.9093e+00 +8.6268e-01
% f evaluations | g evaluations | best noise-free fitness - Fopt (-1.000000000000e+03) + sum g_i+ | measured fitness | best measured fitness or single-digit g-values | x1 | x2...
1 0 +7.223921774e+01 -9.277607823e+02 -9.277607823e+02 +1.6715e+00 +4.7468e-01 -1.2332e+00 -4.5743e-01 -7.2373e-02 -4.3382e-01 +8.6441e-01 +1.2519e+00 -1.0480e+00 +2.5795e-01
6 0 +6.783971900e+01 -9.321602810e+02 -9.321602810e+02 -2.8530e-01 +2.3599e-01 -2.7002e+00 -9.0795e-01 -1.3576e-01 +2.8613e-01 -1.3567e+00 +1.1432e-01 -9.3110e-01 -1.9700e-02
9 0 +6.649869758e+01 -9.335013024e+02 -9.335013024e+02 -4.3264e-01 +1.5532e+00 -1.0008e-01 +1.1248e+00 +1.3825e+00 -5.4367e-01 +6.9399e-01 +5.1834e-01 +9.1409e-01 +1.0599e-01
10 0 +5.831747658e+01 -9.416825234e+02 -9.416825234e+02 +2.5297e-01 +1.3574e+00 -4.7142e-01 +4.3287e-01 +9.8880e-01 -1.0922e-01 +8.1206e-01 +5.2069e-01 +1.5182e-01 +1.3299e+00
137 0 +4.209548874e+01 -9.579045113e+02 -9.579045113e+02 -1.5869e+00 -2.9128e-02 -3.1033e+00 -7.5607e-01 +2.5650e+00 -1.3968e-01 +2.0839e+00 +3.3604e+00 -3.6508e+00 +4.1580e+00
144 0 +3.224894578e+01 -9.677510542e+02 -9.677510542e+02 -2.8022e+00 +2.7107e+00 -6.5190e-01 -1.5554e+00 +2.4550e-01 -3.0532e-01 +8.9165e-01 +8.3062e-01 -1.1250e+00 -1.4024e-02
433 0 +2.141122538e+01 -9.785887746e+02 -9.785887746e+02 -2.7551e+00 +3.0399e+00 -2.5942e+00 -3.6607e+00 +2.6829e+00 -5.2837e-01 +2.7024e+00 +3.0476e+00 +6.7179e-01 -3.1520e-01
% f evaluations | g evaluations | best noise-free fitness - Fopt (-2.531000000000e+01) + sum g_i+ | measured fitness | best measured fitness or single-digit g-values | x1 | x2...
1 0 +5.830298486e+01 +3.299298486e+01 +3.299298486e+01 +2.2510e-01 -6.3931e-01 -5.7654e-01 +2.4444e+00 -5.0952e-01 -8.5115e-01 -2.4143e-01 -2.0200e+00 -6.7646e-02 +9.6084e-01
2 0 +3.825048792e+01 +1.294048792e+01 +1.294048792e+01 +2.2815e+00 +7.0622e-02 -1.0265e+00 +1.4003e+00 +1.4381e+00 +1.1963e+00 +3.7510e-02 +8.6432e-01 -1.7403e+00 -5.7029e-01
296 0 +3.285108016e+01 +7.541080163e+00 +7.541080163e+00 +1.7162e+00 +2.2116e+00 -1.0873e+00 +1.4155e+00 +8.2352e-01 -2.7525e+00 -3.4665e+00 -3.3651e+00 -3.0768e+00 +2.0436e+00
766 0 +3.217586681e+01 +6.865866806e+00 +6.865866806e+00 +1.9768e+00 +1.9836e+00 +6.4947e-01 +1.4613e+00 -8.1354e-01 +1.2077e+00 -8.3459e-02 +1.2202e+00 -4.5740e+00 +1.8307e+00
912 0 +1.590761858e+01 -9.402381416e+00 -9.402381416e+00 +1.3412e+00 +3.8942e+00 -4.3344e-01 +4.3672e+00 +2.2063e+00 +5.9583e-01 -1.0822e+00 -9.0546e-01 -3.3442e+00 +2.2385e-02
% f evaluations | g evaluations | best noise-free fitness - Fopt (2.228000000000e+01) + sum g_i+ | measured fitness | best measured fitness or single-digit g-values | x1 | x2...
1 0 +6.688122980e+01 +8.916122980e+01 +8.916122980e+01 -3.1419e-01 -1.0561e-01 +9.9978e-01 -2.5937e+00 +1.2416e+00 +1.3142e+00 +5.0472e-01 +9.0141e-01 +2.7934e-01 -3.4678e-01
2 0 +4.194485898e+01 +6.422485898e+01 +6.422485898e+01 +9.4020e-01 +3.3824e-01 +4.1929e-02 +1.1344e+00 +2.2409e-02 +9.2808e-01 -2.5028e-02 +6.0723e-01 +8.1316e-01 -4.6869e-01
10 0 +3.620469042e+01 +5.848469042e+01 +5.848469042e+01 +7.8664e-01 -6.8111e-02 -1.3887e-01 +6.9841e-05 +4.2917e-01 +1.1376e+00 +7.0880e-01 +4.7485e-01 +1.1900e+00 +4.9182e-01
106 0 +2.977865990e+01 +5.205865990e+01 +5.205865990e+01 +3.8428e-01 -1.8259e+00 +1.0936e+00 +1.0225e+00 -6.7554e-01 +3.4175e+00 +2.2422e+00 -6.4264e-01 +1.7669e+00 +2.2529e+00
110 0 +2.686463582e+01 +4.914463582e+01 +4.914463582e+01 +8.9044e-01 -8.0468e-01 -1.7946e-01 +2.6140e+00 -5.7799e-01 +4.0734e+00 +1.8213e+00 -4.2928e-01 +2.2488e+00 +8.8468e-01
209 0 +1.594528205e+01 +3.822528205e+01 +3.822528205e+01 +2.4698e-01 -7.3823e-01 -4.8067e-01 +3.2012e+00 -8.0836e-01 +2.4525e+00 +7.9984e-01 +3.4898e+00 +2.9152e+00 +1.8303e+00
949 0 +1.428804716e+01 +3.656804716e+01 +3.656804716e+01 +2.7728e+00 -1.7757e+00 -1.1055e+00 -9.0688e-01 -1.0490e+00 +2.1085e+00 +1.1912e+00 +2.0059e+00 +2.1017e+00 +3.9053e+00
% f evaluations | g evaluations | best noise-free fitness - Fopt (3.561400000000e+02) + sum g_i+ | measured fitness | best measured fitness or single-digit g-values | x1 | x2...
1 0 +4.731627429e+01 +4.034562743e+02 +4.034562743e+02 +5.3751e-01 -2.8283e-01 +1.6642e-01 +2.4416e+00 +7.9018e-02 +1.6474e-01 +2.4533e-01 -7.3892e-01 -1.9124e+00 -1.5984e+00
3 0 +1.688068190e+01 +3.730206819e+02 +3.730206819e+02 +1.1726e+00 -1.0013e+00 -1.3066e+00 +1.2116e+00 +9.2811e-01 -2.5931e-01 +9.3200e-01 +6.5275e-01 -2.6148e+00 +1.3361e+00
341 0 +1.464397387e+01 +3.707839739e+02 +3.707839739e+02 +2.8609e+00 +8.9590e-01 -3.2589e+00 +8.6808e-01 +4.0616e-01 -3.5256e-01 +2.0873e+00 +1.0116e+00 -1.7016e+00 +4.7361e+00
342 0 +1.347222449e+01 +3.696122245e+02 +3.696122245e+02 +2.3473e+00 +2.0622e+00 -3.4936e+00 +7.8783e-01 +2.9167e-01 +1.0612e+00 +1.3203e+00 +2.6011e-01 -1.4706e+00 +4.5732e+00
% f evaluations | g evaluations | best noise-free fitness - Fopt (-4.757000000000e+02) + sum g_i+ | measured fitness | best measured fitness or single-digit g-values | x1 | x2...
1 0 +6.380731720e+01 -4.118926828e+02 -4.118926828e+02 +5.6959e-01 +7.9994e-01 +7.9128e-02 -5.2918e-01 +8.0772e-01 +4.8492e-01 +2.7621e-01 -6.4423e-01 +1.3698e-01 +1.3068e+00
3 0 +4.565676414e+01 -4.300432359e+02 -4.300432359e+02 +3.7395e-01 -4.0425e-01 +1.3148e+00 -2.1636e-01 -2.2275e-01 +1.0408e+00 +5.5058e-01 +2.5055e-01 -5.8679e-01 -4.7608e-01
7 0 +3.474797540e+01 -4.409520246e+02 -4.409520246e+02 +4.2856e-01 +6.8507e-01 +2.1789e+00 -1.0857e+00 -1.9299e-01 -1.0425e+00 -9.4940e-02 -1.8989e-01 -1.2689e+00 +2.0111e-01
75 0 +2.978111560e+01 -4.459188844e+02 -4.459188844e+02 -1.3031e-01 -8.3204e-01 +1.6701e+00 +9.8012e-02 -1.2895e+00 -1.1647e+00 +2.8078e+00 +6.8526e-01 -2.2235e+00 +2.7568e+00
83 0 +1.708864005e+01 -4.586113599e+02 -4.586113599e+02 -1.7679e+00 -7.3075e-01 +3.6211e+00 +1.5285e+00 +1.1088e+00 -3.3691e+00 +2.1290e+00 -3.0006e-01 -2.7760e+00 +1.9431e+00
% f evaluations | g evaluations | best noise-free fitness - Fopt (-1.000000000000e+03) + sum g_i+ | measured fitness | best measured fitness or single-digit g-values | x1 | x2...
1 0 +8.300937888e+01 -9.169906211e+02 -9.169906211e+02 +9.6166e-01 +9.4506e-01 -8.8056e-02 +8.8433e-01 -2.4084e-01 +8.3989e-01 -1.8875e+00 -9.8406e-01 -1.2472e+00 -1.4705e-01
4 0 +6.842540601e+01 -9.315745940e+02 -9.315745940e+02 -5.9833e-01 +1.4869e+00 +6.0401e-02 -8.5987e-02 -2.2241e-01 -9.6774e-02 -1.5216e+00 -6.2192e-01 -3.5830e-01 +1.5435e+00
5 0 +5.620497608e+01 -9.437950239e+02 -9.437950239e+02 -2.1882e+00 +7.9887e-01 +1.6057e+00 +5.1146e-01 +2.1372e-01 -5.3982e-01 -3.9722e-01 -2.0345e+00 -3.9841e-01 -7.7837e-01
336 0 +4.393510543e+01 -9.560648946e+02 -9.560648946e+02 -2.4968e+00 +1.8498e+00 +2.9893e+00 -8.3858e-01 -2.5175e-01 +2.7784e+00 -1.9461e+00 +8.7583e-02 +1.0633e+00 -8.5467e-01
338 0 +3.932386204e+01 -9.606761380e+02 -9.606761380e+02 -2.8780e+00 +2.5422e+00 +3.9012e+00 -6.4396e-01 +7.7261e-01 +1.8585e+00 -2.5287e+00 -6.2653e-01 -9.5413e-01 -1.0490e+00
343 0 +3.321301758e+01 -9.667869824e+02 -9.667869824e+02 -2.5686e+00 +2.0218e+00 +4.6774e+00 -9.9515e-01 -8.0021e-01 +5.3164e-01 -1.3816e+00 +2.3822e-01 +9.7866e-01 +4.0963e-01
668 0 +3.217822452e+01 -9.678217755e+02 -9.678217755e+02 -1.4763e+00 +1.4344e+00 +3.0283e+00 -2.5301e+00 -2.2552e-01 -3.0310e+00 -4.9154e+00 -2.0839e+00 +2.3673e+00 -3.2682e+00
% f evaluations | g evaluations | best noise-free fitness - Fopt (-4.158000000000e+01) + sum g_i+ | measured fitness | best measured fitness or single-digit g-values | x1 | x2...
1 0 +5.248363970e+01 +1.090363970e+01 +1.090363970e+01 +3.9696e-01 -8.9193e-02 +6.2372e-01 -4.6155e-01 +3.8831e-01 +6.7911e-01 +1.0989e+00 -1.6992e+00 +6.5171e-01 -1.2244e+00
2 0 +5.169135260e+01 +1.011135260e+01 +1.011135260e+01 -1.0150e+00 +2.1014e-01 -2.0298e-01 -1.5315e+00 +9.3492e-01 -4.8613e-01 -1.1544e+00 -3.7268e-01 +2.1385e-01 +1.2749e+00
7 0 +4.352893095e+01 +1.948930946e+00 +1.948930946e+00 -5.4906e-01 +3.1454e-01 -9.5490e-01 -1.7469e-01 -1.0420e+00 -4.1320e-01 +8.9413e-01 +6.4487e-01 -4.0285e-01 +8.5521e-01
9 0 +3.045556777e+01 -1.112443223e+01 -1.112443223e+01 +1.0757e+00 +5.6195e-01 -2.0248e+00 +6.1094e-01 +7.9924e-01 +6.6470e-01 -1.5066e+00 -8.1373e-01 +2.3085e-01 +1.3934e+00
121 0 +2.899080719e+01 -1.258919281e+01 -1.258919281e+01 +7.1953e-01 +1.8289e+00 -4.4438e-01 -4.6388e-01 +5.4734e-01 +3.7376e+00 -9.1922e-01 -3.0764e+00 +2.8865e+00 -7.8336e-02
222 0 +2.671036671e+01 -1.486963329e+01 -1.486963329e+01 -4.6847e-02 +4.3491e+00 -2.2550e+00 +5.5078e-01 -1.2396e+00 -7.2646e-01 +4.8496e-01 -1.2285e+00 -1.1125e+00 +3.4194e+00
224 0 +1.575496751e+01 -2.582503249e+01 -2.582503249e+01 +1.4534e-01 +3.2479e+00 -2.1232e+00 +1.2932e+00 -2.1559e-01 +1.2018e+00 +1.3320e+00 -1.6269e-01 +6.4359e-01 +1.8631e+00
