% f evaluations | g evaluations | best noise-free fitness - Fopt (-5.465000000000e+02) + sum g_i+ | measured fitness | best measured fitness or single-digit g-values | x1 | x2...
1 0 +2.113305370e+04 +2.058655370e+04 +2.058655370e+04 -5.7467e-01 +7.5296e-02 -7.7203e-01 +5.7364e-01 +9.8490e-01 -9.9150e-01 -1.2417e+00 +1.7352e-01 +1.8590e-01 -1.0280e-01 -1.2424e-01 -5.5933e-01 +7.7284e-02 +1.9165e-01 +2.3707e+00 -3.5284e-01 +1.9767e+00 -2.1187e-01 -1.2980e+00 -1.2891e+00
2 0 +1.692808554e+04 +1.638158554e+04 +1.638158554e+04 +6.5131e-01 +3.5999e-02 -1.7421e+00 +1.1967e+00 -7.9937e-01 +8.0355e-02 +9.1862e-01 +2.4931e+00 +7.6094e-01 +1.5538e+00 -4.4603e-01 -1.2045e+00 +1.7938e+00 -7.8781e-01 +6.5009e-01 -2.3276e+00 -6.6000e-01 +2.2402e-01 -4.7491e-01 +2.3037e-01
6 0 +1.528928715e+04 +1.474278715e+04 +1.474278715e+04 -5.3985e-01 -4.6815e-02 -1.1032e+00 -1.0288e+00 -6.7070e-01 -6.7126e-01 -1.1005e+00 -2.3027e-01 +1.4499e-01 +1.3912e+00 -1.1805e+00 +1.8089e-01 -5.0586e-01 -2.0359e-01 +4.6186e-01 +1.3289e+00 +6.3181e-01 -6.5335e-01 -1.3681e+00 +2.5930e-01
9 0 +1.045503376e+04 +9.908533761e+03 +9.908533761e+03 -4.2937e-01 +1.0696e+00 +3.0241e-02 -1.1298e+00 -1.4082e+00 +3.9104e-01 -3.5557e-01 +1.1695e-01 +3.3606e-01 +5.0210e-01 +4.5719e-03 +6.1980e-01 +1.6728e+00 -1.7203e+00 +1.8887e+00 -1.7736e+00 +7.7490e-01 -1.0951e-02 +2.4269e-01 +4.7795e-01
1406 0 +7.590463881e+03 +7.043963881e+03 +7.043963881e+03 -3.9846e+00 -3.3954e+00 +8.0153e-01 -1.4038e+00 -7.3588e-01 -2.8665e+00 -1.1618e+00 +4.7781e+00 -2.3337e+00 -1.4494e+00 +2.6611e+00 +1.3965e+00 -2.1608e-01 -1.9424e+00 +5.6113e-01 -3.1004e+00 +8.6550e-01 -1.4133e+00 -5.1957e-01 +2.0483e+00
1492 0 +7.283662867e+03 +6.737162867e+03 +6.737162867e+03 +2.2498e+00 +9.9996e-02 +4.9873e-01 -3.6530e+00 +1.5423e+00 -4.0807e+00 +2.6693e+00 -3.4528e-01 -5.2713e-01 +2.4627e+00 -1.4566e+00 +3.1127e+00 +9.7537e-01 -1.8354e+00 +2.6268e+00 -3.2270e-03 +3.2031e+00 -2.5514e+00 -2.6049e+00 +1.0311e+00
% f evaluations | g evaluations | best noise-free fitness - Fopt (1.000000000000e+03) + sum g_i+ | measured fitness | best measured fitness or single-digit g-values | x1 | x2...
1 0 +7.659220385e+04 +7.759220385e+04 +7.759220385e+04 +4.6277e-01 -5.0467e-01 -2.4205e+00 +5.6074e-01 -1.6197e+00 -4.2724e-01 +1.1620e-01 -1.1432e+00 +8.6299e-01 -9.5425e-01 +2.0910e-01 +1.2948e+00 -1.4013e-01 +7.9172e-02 -8.7517e-01 +8.7618e-01 +5.3337e-01 +9.4345e-01 +2.1966e-01 -1.7526e+00
2 0 +4.147956345e+04 +4.247956345e+04 +4.247956345e+04 +1.3776e+00 +2.0775e+00 +8.5450e-01 -1.0783e-02 -3.8224e-01 -3.9960e-01 +4.3083e-01 +9.3374e-03 +9.8787e-01 +1.0387e-01 -8.3943e-01 -4.5624e-01 +9.8314e-01 -4.9510e-01 +8.7659e-01 -3.4823e-01 +8.1336e-01 -1.5600e+00 -1.7575e+00 -1.7732e+00
4 0 +2.427104322e+04 +2.527104322e+04 +2.527104322e+04 +4.5628e-01 +7.7712e-01 -3.8184e-02 +1.7737e-01 -9.9599e-01 -9.6601e-01 -1.0670e+00 +1.0935e+00 -1.9659e+00 +1.2135e+00 +3.3315e-01 -1.7428e-01 -1.9971e+00 -2.4190e-02 -2.4734e+00 -2.6819e-01 +2.2663e-01 -1.2383e-01 -6.0978e-01 -1.0092e+00
8 0 +1.509924890e+04 +1.609924890e+04 +1.609924890e+04 -5.7690e-01 -1.5005e+00 -5.3941e-01 +1.1576e+00 -1.0934e+00 +1.4072e+00 +1.3889e-01 +1.8307e-01 +9.1759e-01 +1.1639e+00 -2.1074e+00 -8.4393e-01 +2.0822e-02 -6.8884e-02 -8.0737e-01 +3.1454e-01 +3.9261e-02 -6.7776e-01 -8.4260e-01 -3.4455e-01
133 0 +1.413180686e+04 +1.513180686e+04 +1.513180686e+04 +1.1221e+00 -3.2045e+00 +1.7651e+00 -1.4526e+00 +2.9359e+00 +4.4486e-01 -2.0756e-01 -1.4357e+00 +1.5199e-01 -3.5363e+00 -2.8681e-01 +2.4273e-02 +1.3755e+00 -2.0308e+00 -2.6594e+00 -4.2135e-01 +2.3296e-01 -3.0887e+00 -9.9287e-01 +1.6673e+00
262 0 +1.271429644e+04 +1.371429644e+04 +1.371429644e+04 +2.2628e+00 +2.2868e-01 -2.0072e-01 -1.2257e+00 +2.6681e+00 +1.7198e+00 +1.8550e+00 +9.4083e-01 +4.5165e-01 -1.0350e+00 -1.9460e-01 +9.9624e-01 -9.7303e-02 +3.2109e-01 -1.2969e+00 +2.2668e-01 +4.8140e-01 -1.9016e+00 -1.5298e+00 +1.9827e+00
503 0 +1.181121593e+04 +1.281121593e+04 +1.281121593e+04 +5.7729e-01 -1.1067e+00 +3.4778e+00 -1.5126e+00 +6.2483e-01 +9.8139e-02 -1.8997e+00 -2.0873e+00 +5.9237e-01 +5.3557e-01 -1.2190e+00 -2.5546e+00 +1.2127e+00 -8.7936e-01 -3.7350e+00 +1.0036e+00 -1.3278e+00 -1.1971e+00 -2.2436e+00 +1.8626e+00
1194 0 +3.669462687e+03 +4.669462687e+03 +4.669462687e+03 -7.8880e-02 -1.6723e+00 -1.3545e+00 -3.1544e+00 -9.3397e-01 +8.2049e-01 -1.2853e-01 +1.3819e+00 -1.7129e+00 -1.6236e+00 -1.3968e+00 -3.9407e+00 -2.0290e+00 -7.6571e-02 -7.7957e-01 -1.4871e+00 -2.6927e+00 -2.0379e+00 -1.0053e+00 +1.7122e+00
% f evaluations | g evaluations | best noise-free fitness - Fopt (2.083800000000e+02) + sum g_i+ | measured fitness | best measured fitness or single-digit g-values | x1 | x2...
1 0 +8.493879898e+04 +8.514717898e+04 +8.514717898e+04 +2.2385e-01 -5.9983e-02 +3.2353e-01 +1.1201e+00 +6.8063e-02 -3.0111e-01 +5.0128e-01 -1.0256e+00 +7.3331e-01 +1.1735e+00 -2.0950e+00 -2.2923e-01 -1.6190e+00 +3.9740e-01 -2.9511e-01 -1.9117e+00 +3.5861e-01 +1.5782e-01 -2.5885e+00 -7.2950e-01
2 0 +6.477251730e+04 +6.498089730e+04 +6.498089730e+04 -7.5834e-01 +2.9062e-01 +4.4041e-01 -8.0175e-01 -5.3655e-01 -2.9514e+00 +4.3372e-01 -8.0703e-01 +1.3516e-01 -6.7330e-01 +6.8002e-01 -1.1767e-02 -2.0920e+00 -9.7452e-02 +1.9921e+00 -3.3541e-01 +1.9442e+00 -9.0087e-01 -2.0360e+00 -2.1053e-01
3 0 +6.048988046e+04 +6.069826046e+04 +6.069826046e+04 +1.6195e-01 +2.6977e-01 +1.2951e+00 +1.9302e+00 -7.4193e-01 +7.2212e-01 -2.0578e+00 +4.9452e-01 +1.5323e+00 +1.0835e+00 -3.4152e-01 +1.7503e+00 -3.8062e-01 -3.0990e-01 +6.0683e-01 +6.4081e-01 -4.6766e-01 +1.3933e+00 -2.1619e+00 -3.7119e-01
4 0 +4.403029285e+04 +4.423867285e+04 +4.423867285e+04 +3.9957e-02 -1.2338e+00 +1.9001e+00 -1.2737e+00 +9.1578e-02 -1.8751e+00 -1.3966e+00 -1.3795e+00 +1.5377e+00 +4.9637e-01 -6.7697e-01 -1.2906e-02 +1.4619e-01 -1.1908e-01 -1.4989e-01 -4.8569e-01 +1.5465e+00 -1.8282e-01 -5.5389e-01 -1.0167e+00
8 0 +3.838226053e+04 +3.859064053e+04 +3.859064053e+04 +1.2590e+00 +9.1643e-02 -1.8129e-01 -7.6732e-01 +1.6301e+00 +1.8355e+00 +6.3792e-01 -5.9150e-02 -1.2172e+00 +1.8006e+00 -3.9966e-01 -1.7866e-01 +4.2648e-01 -7.8262e-01 -5.2713e-01 -1.2735e+00 -1.7258e+00 -8.1786e-01 +2.0610e-01 +1.2119e+00
9 0 +3.585721837e+04 +3.606559837e+04 +3.606559837e+04 +1.5899e+00 -1.5592e-01 +1.1697e+00 +1.4296e+00 -8.9116e-01 +6.9683e-01 -1.2436e+00 +6.5129e-02 -9.0060e-01 +1.1186e-01 -1.6480e-01 +7.0338e-01 +8.1461e-01 -9.8062e-01 +4.4121e-01 -1.1106e+00 -5.2879e-01 +4.3034e-01 -4.4011e-02 -1.3103e+00
10 0 +3.191433269e+04 +3.212271269e+04 +3.212271269e+04 -1.4198e+00 -3.1890e-01 +1.6333e+00 +4.0513e-01 +2.1659e+00 +1.0804e+00 +5.3959e-01 -1.0310e+00 +9.5616e-01 -6.5641e-01 +3.1116e-01 +2.6906e-01 +1.1142e+00 +1.0599e+00 +1.4698e+00 +1.0436e+00 -5.7814e-01 +6.0124e-01 -1.2569e-01 +7.0787e-01
55 0 +2.552910732e+04 +2.573748732e+04 +2.573748732e+04 -1.5824e+00 -1.8816e-01 +1.5046e+00 -1.2066e+00 +4.5179e-01 -4.2320e+00 +7.6870e-02 +1.9384e+00 -2.6661e+00 +2.8956e+00 +7.5915e-01 -2.4412e+00 -2.1127e+00 -2.2378e+00 +7.0899e-01 +2.1630e-01 -4.3438e-01 +2.1191e+00 +1.5620e+00 +1.4364e+00
58 0 +1.787938250e+04 +1.808776250e+04 +1.808776250e+04 -8.4510e-01 -6.6144e-01 +2.1222e+00 +3.9372e-01 +1.5219e+00 -4.3834e+00 +1.6383e+00 +1.3555e+00 -1.5822e+00 +2.2156e+00 -1.7302e+00 -1.4897e-01 +1.0692e+00 -3.0173e+00 +2.1434e+00 +3.7710e-01 +8.5581e-01 +2.5312e+00 +2.8103e+00 +1.9060e-01
287 0 +9.088226132e+03 +9.296606132e+03 +9.296606132e+03 +1.4969e-02 +1.5799e+00 +8.7163e-01 -3.1879e+00 +1.5150e+00 +7.6010e-01 +1.5608e+00 -1.0582e+00 -9.0506e-01 -5.4756e-01 +1.4808e+00 +3.2233e+00 -9.5753e-02 +2.5417e-01 +3.6685e+00 -4.8747e-01 +3.5332e+00 -5.7792e-01 +1.8189e+00 +2.4732e+00
1444 0 +6.044751699e+03 +6.253131699e+03 +6.253131699e+03 +1.3723e+00 +4.2703e+00 -8.7217e-01 -3.0270e+00 +1.6492e+00 +2.2595e+00 -4.8952e-01 +2.0265e-01 -6.9267e-01 +4.8290e-01 -1.2672e-02 -7.8200e-01 -7.5542e-02 -7.7554e-01 +1.3243e+00 -3.0933e+00 +4.1046e-01 +2.7062e+00 +2.2734e+00 +8.0971e-01
% f evaluations | g evaluations | best noise-free fitness - Fopt (-1.449600000000e+02) + sum g_i+ | measured fitness | best measured fitness or single-digit g-values | x1 | x2...
1 0 +2.583182077e+04 +2.568686077e+04 +2.568686077e+04 +1.0093e+00 +2.7923e-01 +4.5392e-01 +2.4514e-01 -4.1085e-01 +1.6895e+00 +9.3829e-01 -1.3207e+00 -9.0720e-01 -5.8075e-01 -3.3625e-01 +5.3553e-01 +9.2293e-02 +1.2495e+00 +1.3883e-01 -1.1346e+00 +3.9092e-01 -4.0664e-01 -4.1523e-01 -1.2543e+00
2 0 +1.044910057e+04 +1.030414057e+04 +1.030414057e+04 -1.1542e+00 +1.7996e+00 +1.6661e-01 +7.7643e-01 +3.1123e-01 +1.7002e+00 +7.0965e-01 -4.0846e-01 +1.2430e+00 -3.6287e-02 +8.1849e-01 +1.6310e+00 +7.4010e-02 +4.6055e-01 +3.4549e-01 +2.3041e-01 +8.2354e-01 -7.3882e-01 +8.3975e-01 -8.2787e-01
% f evaluations | g evaluations | best noise-free fitness - Fopt (-6.300000000000e+00) + sum g_i+ | measured fitness | best measured fitness or single-digit g-values | x1 | x2...
1 0 +9.131560432e+04 +9.130930432e+04 +9.130930432e+04 -4.2032e-01 +1.6436e-01 +3.9835e-01 -9.2193e-01 -5.3776e-01 +4.9385e-01 -2.2277e+00 -1.0705e+00 +7.3403e-01 -5.1498e-02 -5.9533e-01 +5.8226e-01 +1.3008e-01 +1.6025e+00 +1.9072e-01 -3.4298e-01 +1.2309e+00 +2.0511e+00 +8.2436e-01 +5.7123e-01
2 0 +1.903084580e+04 +1.902454580e+04 +1.902454580e+04 +1.0928e-01 -2.9720e-01 +1.1524e+00 +2.5174e-01 +7.3876e-01 +7.0195e-01 -5.4841e-01 +8.8253e-01 -1.7037e-01 -1.2006e+00 +1.7603e+00 +1.2133e+00 +6.8689e-01 +6.4315e-01 +1.4957e+00 +1.7451e+00 -1.3189e+00 -1.6191e+00 -6.3489e-01 -5.9545e-01
64 0 +6.231010232e+03 +6.224710232e+03 +6.224710232e+03 +4.6756e-01 -7.2135e-01 +3.6903e-01 +1.3334e+00 +3.3395e+00 -2.0249e+00 +1.2690e+00 -4.0290e+00 +2.0918e+00 +1.5664e+00 -1.0538e-01 +2.8096e+00 -2.0363e+00 -3.3186e-01 -2.1664e-01 +2.4344e+00 -1.9878e+00 -1.9442e+00 -1.5379e+00 -2.7832e+00
383 0 +5.578353507e+03 +5.572053507e+03 +5.572053507e+03 +1.7553e-01 +1.1745e+00 -7.7445e-01 +1.4491e+00 +2.6642e+00 -8.4124e-01 +2.4875e+00 -1.6069e+00 -1.3488e+00 +6.8703e-01 -1.8821e-01 +2.2132e+00 +1.3087e-01 +9.0629e-01 +7.1143e-01 +4.1471e-01 -5.5862e-01 -6.2802e-01 -2.2763e+00 -1.0947e+00
% f evaluations | g evaluations | best noise-free fitness - Fopt (-1.367600000000e+02) + sum g_i+ | measured fitness | best measured fitness or single-digit g-values | x1 | x2...
1 0 +5.899524268e+04 +5.885848268e+04 +5.885848268e+04 +1.7420e-01 +7.4632e-01 +2.8121e-01 -1.8452e-01 -1.5289e+00 +1.3980e+00 -9.9200e-01 +3.6718e-01 +1.3141e+00 +7.1142e-01 +3.7475e-01 +2.4216e-02 -2.5151e-01 -1.2897e+00 +3.8009e-01 -7.2267e-02 -1.9680e+00 +1.8669e-01 +2.1256e-02 -6.1032e-01
3 0 +4.002518237e+04 +3.988842237e+04 +3.988842237e+04 +7.6633e-01 -1.2821e+00 +1.3754e+00 -1.2098e-01 -3.2945e-01 -2.6476e-01 -8.2928e-01 -2.6362e-01 -1.6770e-01 -6.2972e-01 -1.6745e+00 -4.1090e-03 -1.3510e-01 +7.3747e-01 -9.7968e-01 -2.6795e-01 -1.2120e+00 +2.9280e-01 -1.6599e+00 -1.3311e+00
5 0 +1.573950546e+04 +1.560274546e+04 +1.560274546e+04 +2.2405e-01 +1.0170e+00 +1.5490e-01 -1.2118e-01 +1.0552e+00 +3.5423e-01 +2.0246e-01 -2.3528e+00 -1.2954e-01 -1.1199e-01 -5.8537e-01 +3.0901e-02 -6.2659e-01 +2.4257e-01 +1.2475e-01 -2.0878e-01 -1.4955e-01 +1.0588e+00 -5.2297e-01 +4.6727e-01
30 0 +1.412696358e+04 +1.399020358e+04 +1.399020358e+04 -7.8637e-01 -1.1373e+00 -1.1109e-01 +2.9478e+00 +1.8622e+00 -2.3921e+00 +1.6820e+00 +1.5841e-01 +8.3074e-01 -1.8181e+00 +1.3121e+00 +1.9656e+00 +5.8462e-01 +2.5492e+00 +3.0069e-01 +1.5766e+00 -5.0029e-01 +1.5221e+00 +5.4667e-01 +2.1479e+00
82 0 +1.007617824e+04 +9.939418245e+03 +9.939418245e+03 +2.3614e+00 -4.0024e+00 -4.1525e-01 -1.3657e+00 +1.1946e-01 +1.7559e+00 +1.5341e+00 +1.6985e+00 -1.4180e+00 -6.6489e-01 +1.7843e+00 +2.8237e+00 +1.4454e+00 +3.2899e+00 +3.1255e-01 +1.1867e+00 +2.5644e+00 -5.1733e-01 -1.6187e+00 -2.2775e-01
721 0 +8.531289483e+03 +8.394529483e+03 +8.394529483e+03 +1.2299e+00 +1.4479e+00 +1.7727e-01 +1.1803e-01 +2.9817e+00 +5.6220e-01 -1.1916e+00 -9.8598e-01 +3.6623e+00 +2.1630e+00 +3.1681e+00 -1.1564e-01 +2.2407e+00 +2.3737e+00 +2.6241e-01 +3.0690e+00 +2.3311e+00 +2.3480e+00 -3.1173e+00 +1.0711e+00
1055 0 +8.285723344e+03 +8.148963344e+03 +8.148963344e+03 +7.5279e-01 +1.2549e+00 +7.5570e-02 -1.5750e+00 +7.4532e-01 +2.8355e+00 +3.2587e+00 +7.8068e-01 +2.7119e+00 +2.3135e+00 +3.3842e+00 +3.0610e-02 -2.6814e-01 +3.0865e-01 -2.2769e-01 +1.5704e+00 +3.9688e-02 +8.9681e-01 -1.6897e+00 +5.9036e-01
1094 0 +6.116250160e+03 +5.979490160e+03 +5.979490160e+03 +1.0384e+00 -1.5231e+00 -1.2937e+00 +1.3132e+00 +1.6546e+00 +7.4093e-01 -1.3332e+00 -2.4416e+00 +7.0594e-01 +2.3263e-01 -6.7367e-01 +1.0994e+00 +2.9437e+00 +2.4791e+00 -9.1734e-02 +2.1016e+00 -2.8613e-01 +1.3939e+00 -9.8337e-01 +5.6309e-01
1121 0 +4.213967855e+03 +4.077207855e+03 +4.077207855e+03 +7.2848e-01 -4.4161e-01 +2.3717e+00 +2.0468e+00 +1.1995e+00 -1.7267e+00 -2.3439e+00 -2.0986e+00 +2.2742e+00 +1.2623e+00 +1.9068e+00 +7.4064e-01 -5.4719e-01 +2.7176e+00 -1.1156e+00 +9.7720e-01 +2.2058e+00 +9.5811e-01 -1.0027e+00 +2.0306e+00
% f evaluations | g evaluations | best noise-free fitness - Fopt (3.667500000000e+02) + sum g_i+ | measured fitness | best measured fitness or single-digit g-values | x1 | x2...
1 0 +4.359845387e+04 +4.396520387e+04 +4.396520387e+04 +7.5142e-01 -6.8702e-02 -4.7448e-01 -3.0809e-01 +9.8169e-01 -3.3399e-01 -9.6330e-01 +1.1978e-01 +9.8051e-01 -1.1419e+00 -4.2064e-02 +3.6886e-01 -2.1516e-01 -3.8573e-01 -3.6244e-01 +1.4666e+00 +1.8614e+00 +7.1326e-01 -1.1863e+00 -8.6785e-01
2 0 +6.381083786e+03 +6.747833786e+03 +6.747833786e+03 +1.5759e+00 -3.2655e-01 +9.4785e-01 -4.3113e-01 -3.2522e-01 -1.7156e-01 +1.1236e+00 +5.2666e-01 -2.7588e+00 -5.0074e-01 +2.4448e-01 -8.5397e-02 +6.0613e-01 +9.4616e-03 +1.1353e+00 +1.2233e+00 +5.3473e-02 +1.6952e+00 +1.3652e-01 -1.4081e-01
% f evaluations | g evaluations | best noise-free fitness - Fopt (-2.486900000000e+02) + sum g_i+ | measured fitness | best measured fitness or single-digit g-values | x1 | x2...
1 0 +9.566845385e+03 +9.318155385e+03 +9.318155385e+03 -9.7895e-02 +1.3657e+00 -1.2880e+00 -4.6587e-01 -1.3545e+00 +4.6717e-01 -1.9564e+00 -2.5276e-01 +4.9823e-01 -8.2459e-02 +7.4388e-01 -3.1723e-01 -3.5834e-01 -2.1219e-01 +2.5579e-01 +8.6139e-01 +1.9546e-01 -4.7012e-01 -3.3420e-01 -4.4199e-01
% f evaluations | g evaluations | best noise-free fitness - Fopt (-6.786000000000e+01) + sum g_i+ | measured fitness | best measured fitness or single-digit g-values | x1 | x2...
1 0 +5.073202883e+04 +5.066416883e+04 +5.066416883e+04 -3.0057e-01 -6.3098e-01 -6.1796e-03 -6.5975e-01 +8.5332e-01 -1.1032e+00 +3.3935e-01 +1.0349e+00 +1.6794e+00 -5.7949e-01 +2.0629e+00 -8.4692e-01 -5.5697e-01 +2.0422e-02 +2.8317e+00 +5.7349e-01 -3.1349e-01 +4.0199e-01 +1.7463e-01 -2.9765e-01
2 0 +2.076676235e+04 +2.069890235e+04 +2.069890235e+04 -1.4902e+00 +4.4968e-01 +1.3376e+00 -1.9188e+00 +2.1825e-01 +1.5167e+00 +7.5513e-01 -3.5329e-01 +1.9181e-01 -2.7689e+00 +3.6120e-02 +2.6261e-01 -1.8006e+00 -4.8216e-01 +5.4669e-02 -3.5124e-02 +2.1082e-01 +1.5126e+00 +3.3389e-01 +1.9505e-01
4 0 +1.491708693e+04 +1.484922693e+04 +1.484922693e+04 +5.3340e-02 +1.9746e-01 +1.1268e+00 +6.9323e-01 -1.2803e-01 -1.5644e-01 +1.2481e+00 -3.6849e-02 +1.4819e+00 +5.6627e-02 +7.9704e-01 -8.3479e-01 -2.4096e-01 -4.9003e-01 -8.7895e-01 +7.3309e-02 +8.8740e-01 -4.2724e-02 -4.1123e-02 +6.6682e-01
9 0 +8.168895520e+03 +8.101035520e+03 +8.101035520e+03 -3.8222e-01 -1.3011e+00 +1.4618e+00 +5.3340e-01 -7.9799e-02 -5.6786e-01 -5.0560e-01 -9.8906e-01 -3.3691e-01 +6.6251e-01 +3.3749e-01 +3.9548e-02 +3.0134e-01 +1.3466e+00 -4.9973e-01 +2.1280e+00 -1.1925e+00 +6.8497e-01 +8.8828e-01 +2.2087e+00
1295 0 +4.907682529e+03 +4.839822529e+03 +4.839822529e+03 -2.5979e+00 +2.4602e+00 -4.9023e-02 -1.7436e+00 -1.0185e+00 +5.3661e-01 -5.4538e-01 -2.0923e+00 -2.9972e-01 -1.7788e+00 -1.1758e-01 +8.8441e-01 +6.0650e-01 +1.6775e+00 -2.6166e+00 +1.3041e+00 -2.0208e-01 +1.6843e+00 +2.2283e+00 +3.0625e+00
% f evaluations | g evaluations | best noise-free fitness - Fopt (-2.329000000000e+01) + sum g_i+ | measured fitness | best measured fitness or single-digit g-values | x1 | x2...
1 0 +7.557996508e+04 +7.555667508e+04 +7.555667508e+04 -7.9932e-03 +1.4880e+00 -1.4782e+00 -7.3707e-01 -5.8729e-01 +1.2126e+00 +1.4286e+00 -1.0272e+00 -2.3678e-01 -5.0949e-01 -1.5385e+00 -1.8378e+00 +1.7228e+00 -7.5942e-01 +4.3087e-01 -2.9091e+00 +3.9889e-01 +9.6819e-01 -1.5863e+00 +5.6688e-01
2 0 +4.307293512e+04 +4.304964512e+04 +4.304964512e+04 +8.0247e-01 +9.8656e-01 +6.5867e-01 -1.5303e+00 -2.4344e-01 -1.6667e-01 +9.0055e-01 +1.8955e+00 +1.3783e+00 +7.9138e-03 +8.3977e-01 +1.4906e-01 +4.5326e-01 -1.8685e+00 -1.1196e+00 -1.5286e+00 +5.1928e-01 -1.1447e+00 +1.3911e-01 +4.6732e-01
6 0 +3.930264772e+04 +3.927935772e+04 +3.927935772e+04 +7.1598e-01 +8.6600e-01 +1.6358e+00 -8.9658e-01 +8.8611e-01 +5.9505e-01 -1.1578e+00 +2.3994e-01 -1.6221e+00 -2.1217e-01 -1.3741e+00 +1.4798e+00 +5.9607e-01 -1.0235e+00 +5.8793e-01 -6.1061e-01 -8.3258e-01 +2.9148e-01 -1.0188e-01 +5.6972e-03
8 0 +3.369006158e+04 +3.366677158e+04 +3.366677158e+04 -1.0935e+00 +4.7158e-01 +1.8346e+00 +4.7036e-01 +6.8695e-01 -5.7789e-01 +2.1639e+00 -1.3343e+00 -6.2861e-01 -2.2846e+00 +3.4961e-01 -1.0827e+00 -1.2287e+00 +2.1581e-01 -2.0318e-01 +5.3443e-01 +3.1704e-01 +1.8821e-01 -4.1480e-01 +1.4417e+00
9 0 +2.248019162e+04 +2.245690162e+04 +2.245690162e+04 +1.6153e+00 +1.9542e+00 -1.0679e+00 +5.9190e-01 -5.8790e-01 -2.0141e-01 +2.0003e+00 -1.2955e+00 +7.9351e-01 +2.0654e+00 +1.1986e+00 -3.3572e-01 -1.0447e+00 +9.3160e-01 -3.5007e-01 +6.9627e-01 +1.3847e-01 +2.0139e-01 -5.1557e-01 +6.9730e-01
12 0 +1.766519753e+04 +1.764190753e+04 +1.764190753e+04 +5.6499e-02 -1.0925e+00 +1.1539e+00 +1.0126e+00 +4.4789e-01 -3.6904e-01 -3.1447e-01 +8.6430e-01 -1.3046e+00 +3.3609e-01 +2.2949e+00 +2.4309e+00 -1.9119e-01 -2.5551e-01 -1.1336e+00 +3.9458e-01 +1.2716e+00 +2.1945e+00 -4.0733e-01 +1.5774e-01
297 0 +1.724432672e+04 +1.722103672e+04 +1.722103672e+04 +1.6678e+00 +1.5833e+00 -4.8595e-02 -2.1573e-02 +1.5163e+00 +9.0366e-01 +1.4578e+00 +3.4420e-02 -2.6556e+00 +1.8880e+00 -1.2217e+00 -2.3107e+00 +1.5647e+00 +1.4333e+00 -3.5284e+00 -1.2678e-01 +2.1248e+00 +6.8646e-01 +1.8623e+00 +8.2477e-01
444 0 +1.262438242e+04 +1.260109242e+04 +1.260109242e+04 +5.7632e-01 -2.9574e+00 -3.4185e-01 +5.5304e-01 -1.0468e-01 +2.3160e+00 -1.8641e+00 +3.3755e-01 +2.9517e+00 +2.6458e+00 -2.3830e+00 -1.2694e+00 -2.0059e-01 +9.8112e-01 -2.7011e+00 +2.4030e+00 +1.4970e-02 +4.6212e-01 +3.5994e+00 -7.6717e-01
755 0 +8.135117898e+03 +8.111827898e+03 +8.111827898e+03 -1.1138e-01 -1.4650e+00 +2.2433e+00 -2.8723e+00 -1.4128e+00 +1.8748e+00 +5.5315e-01 -1.1372e+00 +4.8464e-01 -1.4519e+00 -1.0180e+00 +8.7964e-02 +2.3135e+00 +3.1068e+00 -4.9734e-01 +1.2916e-01 +7.8247e-01 +2.1858e+00 -2.6332e-01 +7.8497e-01
1247 0 +7.821474142e+03 +7.798184142e+03 +7.798184142e+03 -8.6481e-02 -5.4465e-01 +2.0971e+00 +1.5853e+00 -9.0762e-01 +1.9462e+00 -6.3384e-01 +9.5001e-01 +7.2229e-01 -1.4052e+00 -4.7445e+00 +1.4323e+00 +1.8649e+00 +3.0247e+00 -5.3705e-01 -2.6724e-01 +1.0394e+00 +2.1415e+00 +7.4413e-01 +1.7404e+00
% f evaluations | g evaluations | best noise-free fitness - Fopt (-1.028000000000e+01) + sum g_i+ | measured fitness | best measured fitness or single-digit g-values | x1 | x2...
1 0 +3.327054788e+04 +3.326026788e+04 +3.326026788e+04 +6.9585e-01 -7.6639e-01 +1.8857e+00 +8.4881e-01 +9.1774e-02 +4.2096e-01 -5.1935e-01 -8.5347e-01 +4.1042e-01 +8.1398e-01 +2.4665e+00 -4.4519e-01 +6.0602e-01 -2.1659e-01 -2.1178e-01 +1.2121e+00 +3.5733e-01 +1.0439e-02 -1.7175e-01 -1.0364e+00
2 0 +3.159362156e+04 +3.158334156e+04 +3.158334156e+04 -1.3761e+00 +8.4496e-01 -1.5375e+00 +7.3185e-01 -1.3125e-01 +9.6071e-02 -1.6267e+00 -1.2581e+00 -2.2551e+00 -1.3562e+00 -6.6623e-01 -1.8243e+00 +1.5585e+00 -1.7656e+00 +4.4823e-03 +1.4808e+00 +4.8400e-01 -1.2638e+00 +3.7464e-01 -3.9910e-01
3 0 +1.629765866e+04 +1.628737866e+04 +1.628737866e+04 -1.0513e-01 +1.5936e-01 +5.5518e-02 -8.4506e-01 -1.8415e+00 +4.4920e-01 +6.2594e-01 +1.6089e-01 +8.9049e-02 -8.4773e-01 -3.6999e-01 +9.8751e-02 +4.8672e-01 -9.3927e-01 -2.5985e-01 +9.8417e-01 -5.6537e-01 +2.4062e-01 +5.5974e-01 +2.2088e-01
4 0 +1.462161105e+04 +1.461133105e+04 +1.461133105e+04 -6.5596e-02 +1.3552e+00 -1.0947e+00 +5.5733e-01 -9.8513e-01 +1.9970e-01 +1.2914e+00 -8.8559e-01 -4.0595e-01 +1.9181e-01 -1.2338e+00 +8.6973e-02 +1.6481e-01 +8.1010e-01 -6.0881e-01 +4.2155e-01 +5.1920e-01 -7.5305e-01 +4.4538e-01 +5.6110e-01
11 0 +6.055051877e+03 +6.044771877e+03 +6.044771877e+03 +5.1150e-01 -3.4828e-01 +1.1356e+00 +2.4625e-01 +1.5424e+00 -3.8520e-01 +5.0912e-01 +7.1324e-01 +1.7318e+00 -3.5185e-01 -3.2901e-02 -1.1036e+00 -4.1614e-01 -5.0853e-01 -1.3767e-01 +3.8598e-01 +2.7019e-01 -1.3282e+00 +3.5086e-01 +1.0279e+00
% f evaluations | g evaluations | best noise-free fitness - Fopt (1.799700000000e+02) + sum g_i+ | measured fitness | best measured fitness or single-digit g-values | x1 | x2...
1 0 +4.335129221e+04 +4.353126221e+04 +4.353126221e+04 +2.2745e-01 -1.9514e-01 +3.5680e-01 -1.1609e+00 +2.2854e-01 +4.0634e-02 -2.6878e-02 -3.5477e-01 +3.7438e-01 -2.0353e+00 -1.6918e+00 +1.1108e+00 +1.8999e+00 -1.7562e+00 -1.4530e+00 +1.0770e+00 +1.0244e+00 -3.4884e-01 -8.5947e-02 +8.1997e-01
2 0 +3.321752021e+04 +3.339749021e+04 +3.339749021e+04 -1.5291e-01 +5.3340e-01 +1.3615e+00 +8.1056e-01 -4.7915e-01 -6.6669e-01 -2.6288e-01 +7.2450e-03 -1.1891e+00 +1.3819e+00 -3.2597e-01 -6.6378e-01 -1.2228e+00 +1.2956e+00 -1.5815e+00 +1.3536e+00 +8.2804e-02 +5.2844e-01 +1.3929e+00 +1.1730e+00
5 0 +1.218740303e+04 +1.236737303e+04 +1.236737303e+04 -2.0716e-02 +4.5719e-01 -6.6265e-03 +1.2327e+00 -4.9864e-01 +9.3308e-01 -5.0388e-01 +3.6319e-01 -1.3558e+00 +8.9355e-01 +6.7799e-03 +1.3993e+00 +3.4638e-01 +1.3932e-01 -1.1574e+00 -2.3821e-01 +5.4392e-02 +8.8202e-01 -5.8094e-01 -6.9495e-01
776 0 +1.178572547e+04 +1.196569547e+04 +1.196569547e+04 -6.1739e-01 +2.8765e+00 +3.6264e+00 -6.9085e-01 +2.5260e+00 -2.5202e+00 +1.2592e+00 -1.7873e+00 -1.9547e+00 -8.3891e-01 -9.9619e-01 -1.3938e+00 -3.3149e+00 -5.4527e-01 +5.2025e-04 -2.0401e+00 +1.8887e+00 -7.5090e-01 +1.5654e+00 -2.3162e+00
969 0 +4.646430373e+03 +4.826400373e+03 +4.826400373e+03 -2.3934e+00 +2.6468e+00 -2.4221e+00 +1.1347e+00 +3.6889e+00 +1.9540e+00 -4.3774e-01 +2.0812e+00 -1.4319e+00 +9.8860e-02 -5.9397e-01 +1.6957e+00 -1.0397e+00 -8.4158e-01 +5.8335e-01 -2.8219e+00 -1.2196e-01 +2.1125e+00 +6.8611e-01 -3.1539e+00
% f evaluations | g evaluations | best noise-free fitness - Fopt (8.376000000000e+01) + sum g_i+ | measured fitness | best measured fitness or single-digit g-values | x1 | x2...
1 0 +2.400967904e+04 +2.409343904e+04 +2.409343904e+04 +9.9608e-02 +2.2585e-01 +5.0972e-02 +1.1583e+00 +6.8410e-01 -4.0424e-01 +1.2017e+00 -9.7801e-02 +2.0128e-01 -8.9846e-01 +7.0684e-01 +6.5597e-01 +4.6294e-01 -5.2111e-01 -1.4726e-01 +1.1205e+00 -8.0897e-01 -5.6112e-01 -3.4987e-01 -1.3877e+00
8 0 +2.159719168e+04 +2.168095168e+04 +2.168095168e+04 +2.5366e-01 +9.0256e-01 +1.1256e+00 +1.2079e+00 -4.8759e-01 -1.3128e+00 +8.2241e-01 +2.6609e-01 -2.9542e-01 +9.7774e-01 -9.5018e-01 +7.8173e-01 +2.5893e-01 -6.6575e-02 -4.8929e-01 +9.7497e-01 +8.4057e-01 +9.2381e-01 -6.4632e-01 -9.0494e-01
139 0 +6.675385192e+03 +6.759145192e+03 +6.759145192e+03 +9.8397e-01 +2.2193e+00 -2.4204e+00 -1.6292e+00 +2.6647e+00 -1.2625e+00 -6.8563e-01 +3.1125e+00 +1.0008e+00 +1.5289e+00 +1.7528e+00 -2.0035e+00 +2.6723e+00 -1.2784e+00 -2.5924e-01 +4.7828e-01 +5.6353e-01 -6.5641e-01 -2.6837e+00 -1.7400e+00
% f evaluations | g evaluations | best noise-free fitness - Fopt (-3.890100000000e+02) + sum g_i+ | measured fitness | best measured fitness or single-digit g-values | x1 | x2...
1 0 +2.233428426e+04 +2.194527426e+04 +2.194527426e+04 -6.8051e-01 +5.9871e-02 +5.2033e-01 +2.6841e-01 -2.1335e+00 -6.7722e-01 +6.5167e-02 -1.5446e+00 +1.3501e+00 -9.2461e-01 -2.8299e+00 -4.3203e-01 -5.7647e-01 +1.4697e+00 +1.8004e+00 +3.9122e-01 -5.2072e-01 +1.1134e+00 +8.3305e-01 -1.7742e+00
2 0 +1.570175312e+04 +1.531274312e+04 +1.531274312e+04 +1.6931e+00 -3.0864e-01 +4.7351e-01 -2.1331e-01 +1.4657e+00 -1.1306e+00 -7.5773e-01 -8.0192e-01 -2.2412e-01 -1.8346e+00 +2.1454e+00 -5.9378e-01 +5.6236e-01 -8.7844e-01 -2.6436e-01 +1.2516e+00 -6.1459e-01 +6.6839e-01 -6.2996e-01 -9.5976e-01
80 0 +1.228312344e+04 +1.189411344e+04 +1.189411344e+04 -1.5263e+00 +1.4216e+00 +1.6468e+00 -5.6027e-01 -4.3961e-01 +5.8089e-01 -3.9649e-01 -3.7411e-01 +2.5062e+00 -1.3105e+00 -2.0196e+00 -2.2919e+00 -2.2578e+00 -2.9079e+00 -9.8608e-01 +2.9987e-01 +1.5725e-02 +1.9437e+00 -9.0718e-01 -9.2678e-01
137 0 +1.115486605e+04 +1.076585605e+04 +1.076585605e+04 -1.0186e-02 +2.7812e-01 -1.5911e+00 -1.8174e+00 -2.9315e-01 +2.4724e+00 -1.2591e+00 -1.2923e+00 -1.9367e-01 -1.6752e+00 -3.6939e+00 +2.6531e+00 -8.1241e-01 -8.0437e-01 -2.2570e-01 -3.5771e-01 +5.8899e-01 +2.2964e+00 -2.2186e+00 -1.5752e-01
633 0 +9.146752356e+03 +8.757742356e+03 +8.757742356e+03 +4.2011e+00 +2.7433e-01 -1.8654e+00 +1.7605e+00 +2.8360e+00 -1.8248e+00 -5.8853e-01 +1.8367e+00 +1.1545e-01 -3.5135e+00 -1.3727e+00 +3.6911e-01 -8.4267e-01 -2.4380e+00 -9.8355e-01 +2.9125e+00 +2.5996e+00 -1.4150e-01 -2.6976e+00 -2.2606e+00
634 0 +3.647685914e+03 +3.258675914e+03 +3.258675914e+03 +3.6235e+00 +8.2837e-01 -3.9667e+00 +1.2089e+00 +8.7344e-01 -2.6816e+00 -2.4060e+00 +1.3275e+00 -2.7798e-01 -4.3334e+00 -2.8277e-01 +1.5949e+00 -7.9313e-01 -2.8949e+00 +1.0594e+00 +2.0643e+00 +2.5824e+00 +1.4371e+00 -1.8781e+00 -7.5304e-01
% f evaluations | g evaluations | best noise-free fitness - Fopt (-1.455800000000e+02) + sum g_i+ | measured fitness | best measured fitness or single-digit g-values | x1 | x2...
1 0 +3.643975774e+04 +3.629417774e+04 +3.629417774e+04 -8.5450e-01 +5.2808e-01 +7.1261e-01 -5.1042e-01 -3.4392e-01 +8.3061e-01 +7.5025e-01 -9.9488e-01 -1.2079e+00 +1.3461e+00 -2.1780e+00 +2.5353e-01 -2.1505e-01 +6.6350e-01 -2.1614e+00 +7.9720e-02 +8.5661e-01 +2.0288e-01 -6.6501e-01 +2.2810e-01
4 0 +3.261530044e+04 +3.246972044e+04 +3.246972044e+04 +1.1027e-01 -3.0711e-01 -7.8026e-01 -1.2282e-01 +1.8636e-01 +1.0939e+00 -3.0213e-01 +1.1561e+00 +1.0165e+00 +2.9024e-02 -1.0401e+00 -1.4852e-01 -5.2172e-01 +1.8494e-01 -6.4726e-01 -7.2484e-01 +6.4873e-01 -1.0967e+00 -1.7040e+00 +9.6241e-01
7 0 +2.551307958e+04 +2.536749958e+04 +2.536749958e+04 -9.7641e-01 +9.5992e-01 -3.8559e-02 +1.2502e+00 +5.1482e-01 -8.8480e-01 -1.5425e-01 -7.4564e-01 +1.0375e+00 -6.9625e-01 +8.7841e-01 +3.7110e-01 +2.9976e-01 -7.4810e-01 -2.1676e-01 +5.4551e-01 -1.4802e-01 +1.8057e-01 -2.7511e-01 +7.1801e-03
8 0 +1.737995194e+04 +1.723437194e+04 +1.723437194e+04 -5.4252e-01 +5.4603e-01 -1.6939e-01 +1.2174e+00 +1.4810e+00 -1.6162e+00 -1.1711e+00 -7.3317e-01 +4.8321e-01 -7.4137e-01 -4.3856e-01 -9.0639e-01 -4.6952e-01 -1.0480e+00 +1.4157e-01 +5.5392e-01 -5.5737e-01 -5.2222e-01 -3.8631e-01 +1.6154e+00
99 0 +1.137166978e+04 +1.122608978e+04 +1.122608978e+04 +1.2486e-01 -2.6514e+00 -3.4445e+00 +9.1858e-02 -1.1249e+00 +9.5450e-01 +8.4455e-01 +1.2114e+00 +6.6347e-01 +9.4989e-02 -1.3688e-01 +4.1300e+00 -4.3245e-01 +1.0864e+00 -2.1573e+00 +2.4392e-01 -1.5734e+00 -1.3057e+00 +1.4414e-01 +1.3804e+00
153 0 +1.054856392e+04 +1.040298392e+04 +1.040298392e+04 +1.4440e+00 -1.6542e+00 +4.5212e-01 -4.7115e+00 +2.5173e+00 -1.0558e+00 +3.5282e+00 +4.2575e-01 +1.5040e-02 -1.7141e+00 -1.1690e+00 -1.1907e+00 -8.2329e-01 -9.5392e-01 -1.3878e+00 -2.1957e+00 -2.9505e+00 +3.8176e-02 +2.5061e+00 +2.2574e+00
276 0 +6.174875562e+03 +6.029295562e+03 +6.029295562e+03 -3.5155e+00 +1.9762e+00 +6.6678e-01 -1.1782e+00 -3.4480e+00 -3.3341e-01 +6.4173e-01 -4.6286e-02 -1.1471e+00 -3.2190e+00 +1.5898e+00 +3.2090e+00 +7.8386e-01 -2.0633e+00 -2.6444e+00 +5.9984e-01 -1.9903e+00 -3.1310e-01 +3.3385e+00 +7.3100e-01
1196 0 +5.841530554e+03 +5.695950554e+03 +5.695950554e+03 +2.4296e-01 -1.9330e-01 -2.9892e+00 -3.2508e+00 +6.4374e-01 -4.0888e+00 +1.5255e+00 +2.5244e+00 -2.2736e+00 -4.9452e-01 -1.0679e+00 +8.3638e-02 +1.7777e-01 -2.9762e+00 -1.6174e+00 -1.4885e-01 -3.1633e+00 -8.9707e-01 +3.4140e+00 +2.2497e+00
