% f evaluations | g evaluations | best noise-free fitness - Fopt (1.491500000000e+02) + sum g_i+ | measured fitness | best measured fitness or single-digit g-values | x1 | x2...
1 0 +1.183948089e+05 +1.185439589e+05 +1.185439589e+05 -3.2458e-01 +4.7745e-01 +1.2898e+00 -1.4922e-01 +1.5940e+00 +3.1835e-01 +1.6627e+00 -8.5314e-03 +1.4479e+00 +3.1595e-01 +8.8733e-01 +1.5121e-01 +3.6466e-01 -1.2168e+00 -9.0677e-02 -2.5848e+00 +1.2005e+00 +1.2547e-01 +1.2663e+00 +2.2411e+00
2 0 +3.766999302e+04 +3.781914302e+04 +3.781914302e+04 +5.5907e-01 -3.5003e-01 +1.0706e-01 +5.9553e-01 +1.6532e-01 -1.1603e+00 +1.3046e+00 -3.7604e-01 -5.9504e-01 -1.6656e-01 -5.2561e-01 -3.7603e-01 +8.7374e-01 -7.6089e-01 -9.4077e-01 +9.7734e-01 +4.2750e-02 +1.6271e+00 +3.2703e-01 +1.3277e+00
5 0 +1.385973764e+04 +1.400888764e+04 +1.400888764e+04 -1.5202e-01 -1.4983e+00 +2.9028e-01 -7.9677e-01 -1.0038e+00 +6.0168e-02 +2.6688e-01 -1.9449e+00 +1.0214e+00 -3.1222e-01 -6.2456e-01 -1.8029e+00 +8.2308e-01 -1.3185e+00 -5.1500e-01 -9.2303e-01 -6.4920e-01 +1.1553e+00 -1.2202e+00 -2.2032e-01
12 0 +1.377814951e+04 +1.392729951e+04 +1.392729951e+04 +1.2961e+00 -1.1532e+00 +2.9487e-01 -1.4370e+00 -1.8049e+00 -1.4481e-01 -7.5453e-01 -6.3953e-01 -1.3728e-01 +5.8163e-01 -1.9010e+00 -1.9193e+00 -2.5382e-01 -3.6025e-01 -1.1843e+00 -1.0691e+00 +5.9488e-01 -1.7547e+00 -4.9995e-01 -2.4384e+00
% f evaluations | g evaluations | best noise-free fitness - Fopt (-1.000000000000e+03) + sum g_i+ | measured fitness | best measured fitness or single-digit g-values | x1 | x2...
1 0 +1.484973669e+05 +1.474973669e+05 +1.474973669e+05 -3.2978e-01 +6.5140e-02 +5.9981e-01 +9.7675e-01 +7.3309e-01 -2.1042e+00 +2.2422e+00 -1.6779e-01 -5.6494e-01 +2.7944e-01 +2.2338e-01 -3.6146e-01 -3.2390e-01 -1.0057e+00 -7.1081e-01 -7.3450e-01 +3.4869e-01 +4.9841e-01 -1.7788e-01 +7.4640e-02
3 0 +1.156693365e+05 +1.146693365e+05 +1.146693365e+05 +9.6618e-01 -1.1992e-01 -1.4066e+00 +1.1153e-01 -1.1867e+00 -7.8691e-01 -6.7660e-01 +5.5130e-02 -5.1119e-03 -6.1253e-01 +3.3571e-01 +4.8514e-01 +4.3008e-01 +6.8133e-01 +2.4746e+00 +2.0178e-01 +4.4911e-01 -6.3318e-02 -7.6266e-01 -6.0632e-01
5 0 +9.546533981e+04 +9.446533981e+04 +9.446533981e+04 -1.2047e+00 +1.1790e+00 -1.2620e-01 +1.4754e+00 -5.5501e-01 -4.3142e-01 -2.0412e-01 +5.9632e-01 +1.2483e+00 +5.0727e-01 +1.5547e-01 +3.4517e-01 -1.5828e-01 +9.4592e-01 +4.6814e-01 +1.0001e+00 -5.0831e-01 -1.7567e+00 -6.7310e-01 -2.2156e-01
12 0 +7.667178674e+04 +7.567178674e+04 +7.567178674e+04 -1.2809e+00 -6.3137e-01 -7.1583e-01 -1.4819e+00 -6.9093e-01 -8.4637e-01 +4.9400e-01 -6.9615e-01 +6.8964e-01 +6.3730e-01 +8.9614e-01 +1.1709e-01 -1.4156e+00 +8.8074e-01 +3.9611e-01 -2.9335e-01 +6.0071e-02 -1.8263e+00 -1.2013e+00 +1.5350e+00
1027 0 +4.611688460e+04 +4.511688460e+04 +4.511688460e+04 -2.1874e+00 +1.5163e+00 +1.6657e+00 -2.0526e-01 -1.4817e+00 -4.9287e+00 -7.7893e-01 +4.0829e-01 -4.0630e-01 +3.7483e+00 -2.8454e+00 -1.3130e+00 -6.1522e-01 -7.6060e-01 -4.5341e-01 -1.5696e-01 +4.2230e-01 -1.9208e+00 -9.1611e-01 +6.2900e-01
1511 0 +3.897781883e+04 +3.797781883e+04 +3.797781883e+04 -2.5126e+00 -1.4518e+00 +3.2946e+00 -3.4038e-01 -2.0228e+00 +6.1939e-01 -3.3177e+00 -2.2066e+00 +4.5690e-01 +1.2009e-01 +1.4412e+00 -8.6559e-01 -1.1398e+00 -3.2990e-01 +2.3125e+00 -1.2804e+00 +6.2859e-01 -1.7064e-01 -7.3256e-01 +2.2097e+00
% f evaluations | g evaluations | best noise-free fitness - Fopt (9.862000000000e+01) + sum g_i+ | measured fitness | best measured fitness or single-digit g-values | x1 | x2...
1 0 +1.735065966e+05 +1.736052166e+05 +1.736052166e+05 -8.4056e-01 -1.4582e+00 +6.8347e-01 +1.1999e-01 +1.9793e-01 +8.0540e-02 +1.7218e+00 +2.3750e-01 +4.2573e-01 +7.0390e-01 +2.6256e-01 +4.0015e-01 -1.0216e+00 +1.2291e+00 -1.7282e-01 +8.7908e-01 -9.8211e-01 +2.0842e-01 +1.6064e-01 +4.5400e-01
3 0 +9.238806299e+04 +9.248668299e+04 +9.248668299e+04 +1.7585e+00 -1.4957e+00 +4.9219e-02 -3.0377e-01 +5.5629e-01 -5.2818e-02 +3.6762e-01 -4.1416e-01 -1.5075e+00 +2.1030e+00 -7.0521e-04 +2.5238e-01 -8.5246e-01 +4.0434e-01 -1.0837e+00 -1.5886e-01 -5.3022e-01 -1.0582e-01 +8.9642e-01 -9.9643e-01
729 0 +8.655244917e+04 +8.665106917e+04 +8.665106917e+04 +5.6937e-02 -2.5832e+00 -8.2988e-01 +5.4424e-01 +3.8596e+00 -1.2259e+00 +1.8159e+00 -1.1920e+00 -1.8989e+00 -3.2655e+00 -4.2789e-01 -1.7754e+00 +2.4536e+00 -7.8865e-01 -3.6107e+00 -1.9041e+00 -6.2573e-01 +9.4032e-03 +2.0629e+00 -8.9877e-01
731 0 +2.261426769e+04 +2.271288769e+04 +2.271288769e+04 -2.9828e+00 -1.9863e+00 -7.6775e-01 -1.6992e-01 +2.1999e+00 -6.5460e-01 +3.9045e-01 -1.2343e+00 -3.4507e+00 -6.8955e-02 +3.6408e-01 -1.9190e+00 +1.3214e+00 -1.5781e+00 -3.2949e+00 -1.7575e+00 +9.3130e-01 -1.2638e+00 +8.2448e-01 -2.1761e-01
% f evaluations | g evaluations | best noise-free fitness - Fopt (-4.715000000000e+01) + sum g_i+ | measured fitness | best measured fitness or single-digit g-values | x1 | x2...
1 0 +7.236023121e+04 +7.231308121e+04 +7.231308121e+04 +7.6137e-01 +9.1289e-03 +1.1236e+00 -1.5455e+00 +6.3919e-01 -1.7318e-01 +7.3054e-01 +6.2183e-01 -2.2499e-01 -1.5178e+00 +1.2231e+00 -3.5905e-01 -2.2813e+00 -7.3650e-01 +1.8427e+00 -3.3206e-01 +1.3867e+00 -1.5730e+00 -9.7691e-01 +7.3468e-01
9 0 +5.399165090e+04 +5.394450090e+04 +5.394450090e+04 +3.0310e-02 +9.1003e-01 -3.0092e-02 -4.5135e-01 +6.4077e-01 -5.5315e-01 +8.2946e-03 -1.9705e+00 +6.6705e-01 -1.9363e-01 +8.6689e-01 -5.4217e-01 +1.2595e+00 +7.7299e-01 +1.5207e+00 -1.0411e-01 -2.1680e+00 -1.7684e+00 -2.1773e+00 -8.4817e-02
287 0 +2.362300860e+04 +2.357585860e+04 +2.357585860e+04 +7.1640e-01 -1.2438e+00 -2.4814e-01 -1.8519e+00 +1.2833e+00 +1.2608e+00 -1.4991e+00 -5.2399e-01 -7.7387e-01 -2.3494e+00 +4.7236e+00 -2.2525e+00 +1.6234e+00 -4.0430e+00 -4.7376e-01 +4.4080e-01 -7.6621e-01 -1.1110e+00 +5.8409e-01 -3.2250e+00
% f evaluations | g evaluations | best noise-free fitness - Fopt (3.752000000000e+01) + sum g_i+ | measured fitness | best measured fitness or single-digit g-values | x1 | x2...
1 0 +7.906586637e+04 +7.910338637e+04 +7.910338637e+04 -2.1147e-01 +7.0750e-01 -5.4334e-01 +1.3066e+00 +3.4017e+00 +1.7650e+00 -4.2769e-01 +5.3480e-01 -9.9584e-01 -5.5847e-01 -3.5038e-02 -1.4324e+00 +6.7223e-01 -6.3845e-01 -7.1820e-01 +5.7774e-01 +5.6913e-01 +6.0717e-01 +3.2328e-01 -6.5150e-01
3 0 +7.018550100e+04 +7.022302100e+04 +7.022302100e+04 +7.0554e-01 -1.3121e-01 -8.5561e-01 +1.3602e+00 +1.3419e+00 -7.0998e-01 +7.7696e-01 -8.9575e-01 -1.8388e-01 +1.4044e-01 -1.0581e+00 +2.8244e-01 -4.3092e-03 -7.7990e-01 -1.5592e+00 +5.2990e-01 +2.2166e-01 -7.9555e-01 +3.4646e-01 +1.6387e+00
4 0 +3.932027824e+04 +3.935779824e+04 +3.935779824e+04 -4.0484e-01 +2.7817e-01 +4.8731e-01 -8.1659e-01 +4.8076e-01 +1.9394e+00 -2.7942e-01 +8.8153e-02 +1.3879e-01 +4.3897e-01 +1.2208e+00 +4.1308e-01 -1.0603e+00 +3.5452e-01 +1.5041e+00 -9.0064e-01 -1.5297e-01 -1.7924e+00 +8.8955e-02 +1.8009e-01
5 0 +3.253950966e+04 +3.257702966e+04 +3.257702966e+04 -9.0053e-01 -3.2104e-01 +8.7967e-01 +5.6360e-01 +4.1124e-01 -1.0218e-01 +1.6022e+00 +9.5211e-01 +8.6923e-01 -7.3023e-03 +2.7138e-01 -1.3681e+00 -3.5301e-01 +5.5625e-01 -6.0380e-01 -2.2690e-01 -1.7948e+00 -5.4148e-01 -6.3084e-01 +5.0165e-01
% f evaluations | g evaluations | best noise-free fitness - Fopt (6.740000000000e+00) + sum g_i+ | measured fitness | best measured fitness or single-digit g-values | x1 | x2...
1 0 +7.640405489e+04 +7.641079489e+04 +7.641079489e+04 +1.7822e+00 -3.7279e-01 -5.9988e-01 +1.5924e+00 -1.1497e+00 +1.3287e+00 -4.5537e-01 -7.1751e-01 +7.1905e-01 -6.0769e-01 +3.7723e-01 -1.9551e+00 +3.8169e-01 +6.8098e-01 +1.3913e+00 +1.7586e+00 -1.3418e+00 +7.5082e-01 +3.2569e+00 -3.3213e-01
2 0 +6.224841601e+04 +6.225515601e+04 +6.225515601e+04 -3.8770e-01 +5.1095e-02 -8.4010e-02 -2.0755e+00 -1.2911e+00 -1.6847e+00 +3.8512e-01 +2.5274e-01 +2.8251e-01 -6.9563e-01 +1.5596e-02 -1.2580e+00 +2.7120e+00 +3.5096e-01 +4.2074e-01 -8.0770e-01 +2.1347e-01 +5.7448e-01 +9.2980e-01 -7.3900e-02
3 0 +2.256953861e+04 +2.257627861e+04 +2.257627861e+04 +6.9498e-01 -5.7565e-01 -1.2222e-01 +1.6907e+00 -1.1464e+00 -6.3240e-01 -5.3394e-01 +9.5298e-01 +1.4655e+00 -4.8882e-01 +1.2577e+00 +1.3497e-01 +7.5538e-01 -1.9524e-01 +2.2711e-02 -3.2243e-01 -8.9481e-01 -4.7129e-01 -3.7628e-01 -6.9449e-01
% f evaluations | g evaluations | best noise-free fitness - Fopt (-1.897900000000e+02) + sum g_i+ | measured fitness | best measured fitness or single-digit g-values | x1 | x2...
1 0 +1.142248702e+05 +1.140350802e+05 +1.140350802e+05 -6.1034e-01 +2.1999e-01 -5.3046e-01 +1.5132e+00 +2.4158e+00 +8.8972e-01 +5.0929e-01 +9.8519e-01 +4.9134e-01 +3.5916e-01 -1.1727e-01 -1.4896e-01 -1.7103e-01 +2.2142e+00 +6.1958e-01 +1.6415e+00 -9.4749e-01 +1.4892e+00 +1.6442e-01 +2.9274e-01
2 0 +6.197824754e+04 +6.178845754e+04 +6.178845754e+04 -1.0285e+00 -8.5113e-01 -4.1018e-01 -2.9010e-01 +3.6027e-01 +8.8108e-01 +1.2402e+00 +2.3169e-01 +1.4366e+00 -4.4432e-01 +1.2913e+00 -1.0780e+00 +1.7100e+00 -6.5177e-01 -4.9628e-02 +4.1182e-01 -4.5883e-01 +2.0997e-01 -9.8496e-01 -1.8532e-01
3 0 +5.114320922e+04 +5.095341922e+04 +5.095341922e+04 -2.0807e+00 +3.3181e-01 -9.1010e-01 -1.5483e+00 +7.7705e-01 +4.1611e-01 +2.2892e-01 +5.5357e-02 +4.0768e-01 -1.1505e+00 +9.0726e-01 +1.6672e+00 +1.1295e-01 -7.2170e-02 +8.4397e-01 +2.5600e-01 -9.8367e-01 +2.3917e+00 +6.9946e-01 -6.6210e-02
5 0 +4.585289080e+04 +4.566310080e+04 +4.566310080e+04 -3.6959e-01 -1.4930e+00 +1.7977e+00 -3.5253e-01 -1.6637e-01 +1.6385e+00 -1.0229e+00 -2.8984e-01 +7.4985e-01 -1.1449e+00 +9.1792e-01 -1.8786e-01 +7.4394e-01 +2.1887e+00 +4.8762e-01 +2.5068e-02 +9.4491e-01 +2.6690e-01 +6.1060e-01 +1.7240e+00
10 0 +4.483610121e+04 +4.464631121e+04 +4.464631121e+04 +7.2010e-01 +1.7515e-01 +3.7017e-01 +1.1979e+00 -1.4100e-01 +1.1296e+00 -4.2334e-01 +9.0654e-01 +3.7261e-01 +1.3884e+00 +1.0091e+00 -3.8986e-01 -1.9032e-01 +2.9988e-01 -2.4779e-02 -2.4303e-01 +9.8458e-01 -4.6491e-01 -7.6209e-01 +8.8268e-01
11 0 +3.114928029e+04 +3.095949029e+04 +3.095949029e+04 +3.7641e-01 -2.8626e-02 +5.9112e-01 +3.6557e-01 -3.1193e-01 +1.3960e+00 +2.3576e+00 -4.5541e-01 +1.2507e+00 -2.7674e-01 +4.0366e-01 -1.7637e-01 +3.1979e-01 -5.1269e-01 +1.5248e+00 -5.1771e-01 +4.8973e-01 +2.3743e-01 -8.2247e-02 +8.6796e-01
13 0 +2.748533096e+04 +2.729554096e+04 +2.729554096e+04 -1.8053e+00 -1.5336e-01 +1.6866e+00 +1.2157e-01 -1.5719e-01 +9.7536e-01 +2.6318e+00 -8.5426e-01 +8.3522e-01 +8.2987e-01 -1.6211e+00 +3.9293e+00 +1.8980e+00 +1.3666e+00 -1.7946e-01 -3.8183e+00 -1.1281e+00 -7.1711e-01 -2.8403e+00 +3.1665e+00
15 0 +2.305410057e+04 +2.286431057e+04 +2.286431057e+04 -6.6568e-01 +1.0243e-01 +2.3073e+00 -1.1385e+00 +1.5963e+00 +1.9299e+00 +3.0624e+00 -3.1383e-01 -1.6213e-01 -2.3984e-02 -1.2772e+00 +2.4329e+00 +1.5274e-01 +8.6312e-01 -1.0223e+00 -2.8050e+00 -2.0971e+00 +1.7348e+00 -2.7730e+00 -5.6112e-01
16 0 +2.018867553e+04 +1.999888553e+04 +1.999888553e+04 -1.3524e+00 +2.2746e-01 +2.8940e+00 +5.9291e-01 +1.7136e+00 +1.6609e+00 +1.8126e+00 -9.8956e-02 -3.4419e-01 +7.1190e-01 -9.9445e-01 +3.1796e+00 +1.6607e+00 -2.0297e-01 -6.2878e-01 -3.1876e+00 -1.0983e+00 +5.1768e-01 -4.3629e+00 +1.5469e+00
798 0 +4.781101471e+03 +4.591311471e+03 +4.591311471e+03 -3.3131e+00 +2.5647e+00 +1.6231e+00 -1.9656e+00 +3.3086e+00 +1.6330e+00 -4.9679e-01 +2.0207e+00 +1.2102e+00 -1.6869e+00 -2.9433e+00 +3.3072e+00 -1.5875e-01 +2.2262e+00 +8.3633e-01 -3.0561e+00 +1.7047e+00 -1.3555e+00 -1.4727e+00 -4.6747e-01
% f evaluations | g evaluations | best noise-free fitness - Fopt (-2.774000000000e+01) + sum g_i+ | measured fitness | best measured fitness or single-digit g-values | x1 | x2...
1 0 +6.664169477e+04 +6.661395477e+04 +6.661395477e+04 +5.3257e-01 +8.1183e-02 +2.4592e-01 -2.8424e-02 +7.5678e-01 +5.9948e-01 -4.9103e-01 +3.9024e-01 +4.5926e-01 +2.2818e-01 -3.2229e-01 -1.4077e-01 +1.5948e-01 +5.7775e-01 +4.3844e-02 -1.3296e+00 -7.0319e-01 -1.6983e+00 +3.9770e-01 +5.2149e-01
2 0 +4.593411682e+04 +4.590637682e+04 +4.590637682e+04 -7.9596e-01 -1.1833e+00 +3.7561e-01 +9.7690e-01 +2.0183e+00 +2.5404e-01 -6.4351e-01 +7.1380e-01 -1.4075e+00 -2.8460e-01 -4.0557e-01 -1.2266e+00 +4.5619e-02 +3.7530e-01 +4.0342e-01 -2.0076e+00 -3.6109e-02 -9.4833e-01 +1.5495e+00 -3.9309e-01
52 0 +3.521559313e+04 +3.518785313e+04 +3.518785313e+04 -8.4311e-01 -2.9590e+00 +3.5062e-01 -1.2700e-01 -3.0525e+00 +1.0670e+00 +3.8474e-01 -1.8526e+00 -2.1107e+00 -2.8999e+00 +2.0362e+00 -7.6399e-01 -8.6040e-01 +1.0235e+00 +1.7333e-01 -8.8799e-01 +4.2815e-01 +1.2576e+00 +3.4639e+00 +3.3209e+00
324 0 +3.330977981e+04 +3.328203981e+04 +3.328203981e+04 +2.6234e-01 -7.4940e-01 +2.8680e-01 +3.1668e-01 +1.8144e+00 -8.1211e-01 -3.2403e+00 +1.2602e+00 -4.1983e+00 -2.3728e-01 +1.8034e+00 -1.4145e+00 -2.7187e+00 -3.6626e-02 -4.3448e-02 -1.7090e+00 -2.4842e+00 -1.3920e+00 +1.6987e+00 +3.0707e-01
1382 0 +2.301503716e+04 +2.298729716e+04 +2.298729716e+04 -2.9551e+00 -1.4104e+00 -1.2491e+00 +1.5079e+00 +6.8180e-01 +7.0204e-01 -1.1889e+00 +8.7902e-01 -2.9123e+00 +1.9186e+00 +5.4392e-01 +1.1156e-01 -1.8690e+00 -6.4434e-01 -1.1538e+00 +9.4899e-01 +6.4746e-01 -1.5298e+00 -1.3746e+00 +4.2503e+00
% f evaluations | g evaluations | best noise-free fitness - Fopt (6.930000000000e+00) + sum g_i+ | measured fitness | best measured fitness or single-digit g-values | x1 | x2...
1 0 +1.243640985e+05 +1.243710285e+05 +1.243710285e+05 +1.7373e+00 -5.0855e-01 +5.1561e-02 +1.4705e+00 -1.2888e+00 -1.6923e+00 -1.4516e+00 -2.0094e-01 -1.3050e+00 +3.1684e-01 -7.9157e-01 +9.0069e-01 -7.3634e-01 +1.4962e+00 -4.0850e-01 -1.9807e+00 -1.1723e+00 +1.7073e+00 -7.5016e-01 +1.0165e+00
2 0 +9.296542980e+04 +9.297235980e+04 +9.297235980e+04 -2.9135e-01 +1.5547e-01 +8.7253e-01 +1.2228e+00 +3.3309e-01 +7.9481e-01 -1.4151e-01 +2.9614e-01 +1.8108e+00 +1.6098e+00 +1.8927e+00 -9.5935e-02 +7.8101e-01 +2.8643e-01 +3.2589e-01 +1.5286e+00 +5.3984e-01 -4.1475e-01 -1.8179e-01 -9.8708e-01
5 0 +4.673255381e+04 +4.673948381e+04 +4.673948381e+04 -4.7344e-01 -7.1042e-01 +3.4401e-01 -1.6340e-01 -9.9023e-01 +1.7711e-01 +2.6631e-01 -7.5768e-01 -2.3404e+00 +4.2864e-01 -4.0766e-01 -1.5287e-01 +2.9757e-01 +4.6677e-01 +1.1352e-01 +3.9228e-01 +6.7024e-01 -1.3745e+00 -2.0893e-01 +7.7576e-02
10 0 +3.434736328e+04 +3.435429328e+04 +3.435429328e+04 +8.0828e-01 -3.4966e-01 +1.3513e+00 -8.7029e-01 +1.3918e-01 +3.0836e-01 -1.9330e+00 -1.1169e+00 +8.0562e-01 +1.2582e+00 -5.0681e-01 +1.4582e+00 -3.0826e-01 +5.2160e-01 -6.8750e-01 +1.0245e-01 -5.6079e-01 -1.2622e-01 +1.6353e+00 -1.7094e+00
872 0 +2.328592324e+04 +2.329285324e+04 +2.329285324e+04 +1.3828e-01 +1.1388e+00 +3.0114e-01 -2.3945e+00 +6.6433e-01 +1.0132e+00 -2.0461e+00 -1.3804e-01 -2.9224e+00 +1.8277e+00 +1.0955e+00 +1.7575e+00 -2.1064e+00 +6.4610e-01 +8.9469e-02 -3.5900e-01 +3.4593e+00 -1.5383e+00 +4.1778e+00 +4.0872e+00
% f evaluations | g evaluations | best noise-free fitness - Fopt (-4.456000000000e+01) + sum g_i+ | measured fitness | best measured fitness or single-digit g-values | x1 | x2...
1 0 +1.555303038e+05 +1.554857438e+05 +1.554857438e+05 +1.3001e+00 +1.7234e-01 -9.9184e-03 +1.8130e+00 -1.4143e-01 +4.3966e-01 -9.9506e-01 +4.2972e-01 -4.3224e-01 +6.0678e-01 +2.3721e+00 -7.9078e-01 +1.7031e+00 -6.8243e-01 -1.3409e+00 +1.0508e+00 +8.0900e-01 -1.3560e-01 -3.1039e-01 -5.2485e-02
2 0 +4.326391722e+04 +4.321935722e+04 +4.321935722e+04 -9.2690e-01 -2.6506e-01 -5.0618e-01 -7.4769e-01 +8.1234e-02 +6.5242e-01 -1.1446e-01 +2.8602e+00 -9.4769e-01 +4.5146e-01 -2.1218e+00 +2.5391e-01 -1.0198e+00 +1.6236e+00 +4.7773e-01 -7.4253e-01 +1.0290e-01 +3.1642e-01 -1.2987e+00 -9.8682e-01
10 0 +2.599964182e+04 +2.595508182e+04 +2.595508182e+04 +2.5839e-01 -1.5729e+00 -1.1069e-02 -3.0064e-01 -7.3976e-01 +3.0816e-01 -8.2692e-01 -6.1598e-01 -6.6567e-01 +6.3452e-02 -1.7030e+00 -1.0519e+00 +1.7139e+00 +1.4576e-01 +2.8790e-01 +6.0779e-02 +2.8934e-01 -4.3891e-01 +4.2211e-01 -7.6372e-01
% f evaluations | g evaluations | best noise-free fitness - Fopt (1.000000000000e+03) + sum g_i+ | measured fitness | best measured fitness or single-digit g-values | x1 | x2...
1 0 +9.161304982e+04 +9.261304982e+04 +9.261304982e+04 -7.5314e-01 +7.0568e-01 -2.9760e-01 +4.9412e-01 +2.2020e-01 +3.1543e-01 +1.7140e+00 +1.0909e+00 -5.6930e-01 -1.7133e+00 -1.1043e+00 +4.7754e-01 +1.3251e-01 +1.8272e-01 +4.3427e-01 +8.1446e-01 +7.7250e-02 +7.8957e-02 -5.7717e-01 +1.1550e+00
2 0 +5.085962787e+04 +5.185962787e+04 +5.185962787e+04 -1.5305e-01 -4.2587e-01 -8.6086e-02 -2.7870e-01 -8.4522e-01 -6.4007e-01 +9.0562e-01 +2.6381e-01 -4.9817e-01 +8.4298e-02 -9.2399e-01 -8.7114e-01 -9.3540e-01 -1.8931e+00 -3.1135e-01 +2.8367e-03 +1.6028e+00 -2.0517e+00 +5.4538e-01 -5.3479e-01
% f evaluations | g evaluations | best noise-free fitness - Fopt (-6.797100000000e+02) + sum g_i+ | measured fitness | best measured fitness or single-digit g-values | x1 | x2...
1 0 +2.562226041e+05 +2.555428941e+05 +2.555428941e+05 +7.9236e-01 +1.7216e+00 +6.8497e-01 +3.8789e-01 +4.7506e-02 +1.8722e+00 +4.6839e-01 +4.5908e-01 +2.2966e+00 -1.6884e+00 +2.5975e-01 +1.8291e+00 -9.7460e-02 +6.8328e-01 +7.1995e-01 -3.2247e+00 +1.0885e+00 -1.8659e+00 +5.2797e-01 -8.9701e-02
2 0 +1.194672663e+05 +1.187875563e+05 +1.187875563e+05 -1.0833e-01 +1.3078e+00 -7.3039e-01 -2.5585e+00 -2.9006e-01 -1.5487e-02 -1.6535e+00 +1.0549e+00 +7.1245e-01 -1.0566e+00 +9.3717e-01 -7.3889e-01 -1.0293e+00 +1.0085e+00 -5.7073e-02 +9.0495e-01 -1.2392e+00 -7.9000e-01 -5.2048e-01 -7.2998e-01
3 0 +7.915242974e+04 +7.847271974e+04 +7.847271974e+04 -3.9397e-01 +3.2817e-01 +1.5428e-01 -2.0300e+00 +3.1656e-01 -5.1709e-02 -2.3325e-01 +3.3669e-01 +4.3046e-01 +9.9795e-01 -1.4490e+00 -6.3952e-02 +1.1508e+00 -1.1835e+00 -3.5930e-01 +2.3807e+00 +1.5014e+00 +5.9121e-01 -1.2132e+00 -2.3204e-02
4 0 +4.799058275e+04 +4.731087275e+04 +4.731087275e+04 -7.2671e-01 -2.7390e-01 -6.3532e-01 +1.3884e-01 -6.6864e-01 -1.3993e+00 +5.0492e-01 -4.1698e-01 -9.2223e-01 -5.5940e-01 -1.1853e+00 -1.5739e-01 -2.3523e-01 +1.8752e+00 +3.7671e-01 -1.2244e-01 -1.2845e+00 +9.8622e-02 +1.8577e-01 -1.1308e+00
119 0 +4.694383779e+04 +4.626412779e+04 +4.626412779e+04 +1.8477e+00 -3.0675e+00 +1.0629e+00 -2.4516e-01 -1.3018e+00 -1.8055e+00 +3.1514e+00 -2.7425e+00 -2.7016e+00 -1.5827e+00 -6.7083e-01 -6.7632e-01 +9.3211e-01 -1.9307e+00 -2.1527e+00 +8.3610e-01 -5.2072e-02 +1.6392e+00 +1.3880e+00 +1.8324e+00
218 0 +4.465130591e+04 +4.397159591e+04 +4.397159591e+04 -1.7172e+00 -4.6097e+00 +1.9330e+00 -1.8971e+00 +1.3265e+00 -4.4224e-01 -7.9019e-01 -2.3472e+00 -6.8186e-01 -2.8196e+00 +4.0771e+00 +1.8733e+00 +1.0668e+00 +1.0554e+00 -1.7123e+00 -1.9932e+00 -3.1499e-01 -2.7715e+00 +3.1460e+00 -2.4856e+00
413 0 +3.131664829e+04 +3.063693829e+04 +3.063693829e+04 +1.9441e+00 -1.8252e-01 +2.2299e+00 +1.4785e-01 -1.3416e+00 -5.6319e-01 +4.2347e+00 +9.7079e-01 -2.5072e+00 -8.9173e-01 +8.1945e-01 -1.3939e+00 -1.1768e+00 +4.0977e-01 -2.6368e+00 -6.8627e-01 -2.6911e+00 +4.1680e-01 -1.5977e+00 +3.2616e+00
% f evaluations | g evaluations | best noise-free fitness - Fopt (1.000000000000e+03) + sum g_i+ | measured fitness | best measured fitness or single-digit g-values | x1 | x2...
1 0 +5.423378844e+04 +5.523378844e+04 +5.523378844e+04 +1.3386e+00 -5.8128e-01 -1.3025e+00 +1.4713e+00 +7.6907e-01 -9.4017e-01 -7.9755e-01 -2.0192e-01 +2.0107e-01 +8.1961e-01 -1.5326e+00 -9.9549e-01 -9.1011e-02 +8.3498e-01 +1.0788e+00 +2.2702e-01 +3.9452e-01 +2.9285e-01 +4.0752e-01 +6.9696e-01
4 0 +3.878010106e+04 +3.978010106e+04 +3.978010106e+04 -1.5367e-01 -2.4009e-01 -5.2779e-01 +2.9434e-01 +2.8912e-01 +9.2764e-01 +8.5514e-01 +6.8112e-01 +1.2785e+00 +3.6605e-01 +3.1409e-01 -2.7561e-01 -1.6517e+00 +1.1585e+00 -6.1605e-01 -3.2845e-01 -5.6319e-01 +9.0443e-01 +8.4093e-01 -8.7525e-01
8 0 +2.930728721e+04 +3.030728721e+04 +3.030728721e+04 -3.7726e-02 +9.0446e-01 -4.0977e-01 +8.3648e-02 +2.5391e-01 +3.2582e-01 -5.5283e-02 -4.8742e-01 +3.5465e-01 +1.1009e+00 +1.0349e+00 -2.9861e-01 -7.1307e-01 +1.2379e+00 +7.3353e-01 -1.3385e+00 +4.5862e-01 +8.3207e-01 -1.0689e+00 -3.7261e-02
1061 0 +2.080349465e+04 +2.180349465e+04 +2.180349465e+04 +7.0977e-01 +1.2478e-01 -3.0366e+00 +2.0545e+00 +1.3993e-01 +1.9189e+00 +3.5596e-01 -1.0257e+00 +3.8057e-01 +1.1258e+00 +1.5112e+00 -4.0485e+00 -5.1436e-01 +7.5941e-01 +1.1630e+00 -3.1442e+00 +2.3278e+00 +7.3632e-01 +2.3419e+00 -3.6176e+00
1346 0 +1.978855866e+04 +2.078855866e+04 +2.078855866e+04 -8.6143e-01 -6.5698e-01 -1.7955e+00 +8.3505e-01 +1.9955e+00 +1.7282e+00 +2.4453e+00 -4.0068e-01 -3.3346e+00 -3.6542e-02 -5.2941e-02 -1.6005e+00 -3.2688e-01 -9.6683e-01 -7.1346e-01 -1.8267e+00 -8.3067e-01 -2.5967e-03 +1.1791e+00 -2.9481e+00
% f evaluations | g evaluations | best noise-free fitness - Fopt (1.007000000000e+01) + sum g_i+ | measured fitness | best measured fitness or single-digit g-values | x1 | x2...
1 0 +7.183285309e+04 +7.184292309e+04 +7.184292309e+04 -1.7211e+00 +1.0165e+00 -1.6657e+00 +1.3962e+00 +1.7844e+00 +1.5194e+00 -5.8443e-01 -1.2757e+00 -1.1781e+00 -1.1714e+00 +4.4054e-01 -1.2337e+00 -1.1929e+00 -7.0511e-01 -2.0142e+00 -9.3521e-01 -5.1972e-01 -5.4545e-01 -8.4305e-01 -1.7092e+00
2 0 +2.967173561e+04 +2.968180561e+04 +2.968180561e+04 +5.0394e-01 -2.7844e-01 +6.3890e-01 -5.2691e-02 -3.0185e-01 +2.1690e+00 -2.3565e-01 -3.3473e-02 +3.9878e-01 +9.3561e-01 -1.6178e+00 -1.9659e-01 +3.2885e-01 -2.7913e-01 -1.2923e+00 -1.7787e+00 -3.7541e-01 +1.1233e+00 -4.8243e-01 +2.6169e-01
10 0 +2.220567976e+04 +2.221574976e+04 +2.221574976e+04 -1.0623e+00 -3.9137e-01 +8.0524e-01 +9.8573e-02 -2.4053e+00 +7.1902e-01 +2.1097e-01 -1.0584e+00 -3.5065e-01 -1.2362e+00 -1.1459e+00 -1.4850e+00 -4.9683e-02 +4.1720e-01 -1.2102e+00 +4.0328e-01 +1.3948e+00 +6.6054e-01 +2.3238e-01 +1.5907e+00
217 0 +2.058207160e+04 +2.059214160e+04 +2.059214160e+04 +6.1276e-01 +2.0167e-03 +7.3727e-01 -7.8418e-01 -8.2000e-01 +1.5005e+00 +9.3325e-01 +1.4498e+00 -1.0430e+00 -2.7953e+00 -6.6966e-01 -1.2939e+00 +1.0985e+00 +2.2487e+00 -3.0629e+00 -1.8147e-01 +1.5126e+00 +6.3775e-01 +1.7326e+00 -6.4684e-01
707 0 +1.703468523e+04 +1.704475523e+04 +1.704475523e+04 -1.0221e+00 +5.3037e-01 +1.3199e+00 -1.8836e+00 -5.9915e-01 -3.7115e-01 -1.5683e+00 +5.9836e-01 -2.5851e+00 -2.2277e+00 -1.0653e+00 +7.3366e-02 +1.8831e+00 -8.2461e-01 +1.3586e+00 -6.3796e-01 -5.2571e-01 -2.3336e-01 +6.7967e-01 +3.1514e-01
% f evaluations | g evaluations | best noise-free fitness - Fopt (-7.540000000000e+00) + sum g_i+ | measured fitness | best measured fitness or single-digit g-values | x1 | x2...
1 0 +1.095586436e+05 +1.095511036e+05 +1.095511036e+05 -6.2260e-01 +1.0584e-01 +5.8051e-01 -6.8500e-01 -5.4368e-01 -1.3153e+00 -1.1915e+00 -8.3401e-02 -8.2626e-01 +1.2105e+00 -1.1768e+00 +4.3335e-01 +9.4647e-01 -1.3330e+00 +1.9331e-01 +6.1968e-01 -2.1215e+00 -6.3155e-01 -3.7277e+00 +7.8045e-01
2 0 +6.589163345e+04 +6.588409345e+04 +6.588409345e+04 +2.2174e+00 -7.3688e-01 -1.1024e+00 +1.2204e+00 -8.9017e-01 -7.3529e-01 -3.6229e-01 -1.6862e+00 -2.7519e+00 -5.4609e-01 +1.0860e+00 +3.4591e-01 -1.8037e-01 -1.8127e+00 +6.7072e-01 -6.3435e-01 +1.6899e+00 +3.5440e-01 +5.3018e-01 +1.0291e+00
7 0 +6.451044807e+04 +6.450290807e+04 +6.450290807e+04 -3.7543e-01 -6.1728e-01 -5.6020e-01 -3.9786e-01 +9.1108e-01 +9.8431e-01 +3.2755e-01 -2.0169e-01 -1.0420e+00 -1.1242e+00 +3.3830e-01 +1.1267e+00 +6.9359e-01 -7.3469e-01 +2.7654e-01 -1.0941e+00 +1.7079e+00 +6.0264e-01 +7.8439e-01 +1.0140e+00
75 0 +6.269129075e+04 +6.268375075e+04 +6.268375075e+04 +4.6192e-01 +1.1511e+00 -9.2558e-01 -6.5646e-03 -1.1210e+00 +2.1925e-01 -2.9419e-01 -2.5543e+00 -3.2838e+00 +1.0699e+00 -1.6547e+00 +1.2469e+00 -5.4953e-01 +3.6415e+00 +1.0649e+00 -1.5739e+00 +1.2427e+00 -6.1573e-01 -1.7339e+00 -1.2168e+00
116 0 +4.423530682e+04 +4.422776682e+04 +4.422776682e+04 +1.8271e+00 +1.4432e+00 -2.3819e+00 -1.4434e-01 +3.1908e-01 -7.0157e-01 -1.6251e+00 -3.0867e-01 +2.0978e+00 -1.7401e+00 -5.8793e-01 +3.0929e-01 +2.2834e+00 +2.5952e-01 -1.2123e+00 -6.3845e-01 +2.5720e+00 -1.4913e+00 -1.6933e+00 -8.8976e-01
285 0 +3.282052837e+04 +3.281298837e+04 +3.281298837e+04 +1.5149e+00 +2.9205e+00 +3.9991e+00 -1.2907e+00 -9.4044e-01 +8.0918e-01 -8.5179e-01 -4.3882e+00 -1.0043e+00 -2.6528e+00 -4.2065e+00 -2.0414e+00 -3.6651e-01 +8.2377e-01 +2.5837e-01 -2.1883e+00 -1.6565e+00 -4.3390e-01 -1.4328e+00 +6.4704e-01
