% f evaluations | g evaluations | best noise-free fitness - Fopt (7.627000000000e+01) + sum g_i+ | measured fitness | best measured fitness or single-digit g-values | x1 | x2...
1 0 +1.223440444e+03 +1.299710444e+03 +1.299710444e+03 -7.5190e-01 +2.5667e-01 -6.3667e-01 -4.4274e-01 +9.8733e-01 -1.8389e-02 +6.5053e-01 +4.4772e-01 -3.6997e-01 +8.3706e-01 +2.8188e+00 -2.2163e-02 -4.0679e-01 +4.7688e-01 -2.1062e-01 -1.0455e+00 +7.5447e-01 +4.9840e-01 +4.7030e-01 -9.9281e-01
32 0 +9.288236844e+02 +1.005093684e+03 +1.005093684e+03 -3.9420e+00 -7.6770e-02 -6.7278e-01 -2.6162e+00 -1.3441e+00 +1.6166e+00 -3.7640e-01 +1.0676e-01 +1.1823e+00 -2.1925e-01 -3.6522e+00 +2.5622e-01 +3.2398e+00 -1.2252e+00 +5.3665e-01 +1.9117e+00 +1.5549e+00 +8.3273e-01 +1.1433e+00 -2.9544e+00
77 0 +2.341954199e+02 +3.104654199e+02 +3.104654199e+02 -2.2162e+00 -1.6524e+00 -1.5245e+00 -8.9037e-01 +1.2444e+00 +3.5627e+00 +9.8533e-01 +2.9653e+00 +4.0537e-01 +9.6303e-01 -4.8800e-01 +1.2961e+00 -1.8336e+00 -3.8326e+00 -1.9316e+00 -2.8862e+00 +2.8722e+00 -1.4061e+00 +4.0058e-01 -3.8292e+00
656 0 +1.775069886e+02 +2.537769886e+02 +2.537769886e+02 +1.9028e+00 -3.0218e+00 +4.3271e+00 -4.1405e+00 +2.0964e+00 -3.1814e+00 -9.3073e-01 +1.9937e+00 +5.8237e-01 +2.0523e+00 +2.0820e+00 +2.0213e+00 +6.2906e-01 +2.3415e+00 -2.8691e+00 +3.9705e+00 -1.2052e+00 -4.8682e-01 -3.0218e+00 +8.9260e-01
% f evaluations | g evaluations | best noise-free fitness - Fopt (-2.255000000000e+01) + sum g_i+ | measured fitness | best measured fitness or single-digit g-values | x1 | x2...
1 0 +4.031120032e+06 +4.031097482e+06 +4.031097482e+06 +8.2603e-01 -6.7426e-01 -5.8035e-01 -5.4660e-01 -1.5668e+00 +2.8746e-01 +3.2433e-01 -4.4884e-01 -2.3643e+00 +9.3709e-01 -1.5642e+00 +1.2901e+00 -1.6797e+00 -1.7720e+00 -2.0226e+00 -1.0078e+00 -1.8158e-01 +7.7922e-01 +3.8898e-01 -6.9276e-01
2 0 +3.091933206e+06 +3.091910656e+06 +3.091910656e+06 -4.8474e-01 -1.1522e+00 +3.8778e-01 -2.3768e+00 -1.1747e+00 +1.1108e+00 +2.0111e-01 +2.7616e-01 -5.4138e-02 -7.5233e-01 -2.2886e+00 +1.4554e+00 -1.5270e+00 +3.9786e-01 +6.0826e-01 +1.6940e-01 +6.1780e-01 -3.6988e-01 +5.8107e-01 +1.4654e+00
4 0 +1.260908838e+06 +1.260886288e+06 +1.260886288e+06 -5.7161e-02 -5.6209e-01 +4.1051e-01 +1.4064e+00 -9.8574e-01 +8.5069e-01 +1.7961e-02 +5.6545e-01 -1.3524e+00 -2.4994e-01 -9.8704e-01 +1.5372e+00 -1.0178e+00 +1.0658e-02 -1.1692e+00 +1.9047e+00 -8.4605e-01 +1.4651e+00 -1.4064e+00 -1.1784e+00
5 0 +5.562291718e+04 +5.560036718e+04 +5.560036718e+04 +1.5160e+00 +1.8252e+00 -1.1181e+00 -1.9409e+00 +4.5646e-01 -1.2248e+00 -1.0856e+00 -7.8515e-01 +1.2188e+00 +9.8492e-01 -2.3984e+00 -2.9621e-01 -4.0334e-01 +1.4349e+00 +8.4529e-01 +1.0679e+00 -1.4784e-01 +2.0406e-01 +1.1311e+00 +1.9857e-01
12 0 +3.658215364e+03 +3.635665364e+03 +3.635665364e+03 +1.0757e+00 -7.3428e-01 +1.1946e+00 -4.9977e-01 +6.9707e-01 +1.5780e+00 -1.4248e+00 -2.3609e-01 -2.3621e-01 -5.3465e-01 +8.1295e-01 -1.3659e+00 +1.1983e+00 +2.5401e-01 -3.3463e-01 +5.8936e-01 +2.2668e+00 +6.8219e-01 -1.0358e+00 -5.0669e-01
34 0 +1.408413548e+03 +1.385863548e+03 +1.385863548e+03 +3.5534e+00 -9.8731e-01 +2.1349e+00 -2.5700e+00 -2.8610e+00 +6.2949e-01 +3.0233e+00 -1.9218e+00 -4.1947e-02 +1.8800e+00 +2.8796e+00 +2.2413e-01 -2.6446e+00 +3.3182e-01 -3.7436e-01 +1.8577e+00 -3.1992e+00 -8.2618e-01 -1.1342e+00 +3.9046e-01
222 0 +1.085971419e+03 +1.063421419e+03 +1.063421419e+03 -1.3465e+00 +3.9778e+00 -2.8794e-01 -2.9444e+00 -1.6587e+00 +4.2926e+00 +2.5381e+00 -3.1808e-01 +2.7393e+00 +5.7496e-01 +2.1532e+00 +2.0287e+00 +1.6565e+00 -1.6722e+00 +1.0963e+00 +7.6595e-01 -2.1441e+00 +1.6676e+00 +3.1661e+00 +4.5612e+00
299 0 +7.849568201e+02 +7.624068201e+02 +7.624068201e+02 -2.8380e+00 -4.1694e+00 +1.1349e+00 +1.8710e+00 +1.7428e+00 +3.8241e+00 +1.6443e-01 +1.5294e+00 -3.7891e-01 +1.7905e+00 +4.0247e+00 +2.7981e+00 +3.5570e+00 +4.6233e-01 -1.0208e+00 +4.5663e-01 +2.1481e+00 -3.3536e-01 -4.2061e+00 +8.7927e-01
462 0 +1.716949167e+02 +1.491449167e+02 +1.491449167e+02 -2.0021e+00 +2.4892e+00 -9.2191e-01 -6.5034e-01 -5.0933e-01 -5.4514e-01 -2.0330e+00 -3.0862e+00 -3.3289e+00 -3.3345e+00 -7.5361e-01 -2.7478e-01 -9.7556e-01 +1.0513e+00 -7.7005e-01 -1.3370e+00 -1.0533e+00 +1.2187e+00 +1.1858e+00 +2.7116e+00
561 0 +1.645416105e+02 +1.419916105e+02 +1.419916105e+02 +1.4803e+00 -2.9180e+00 -4.0181e-01 +1.8937e+00 +2.4132e+00 -6.3107e-01 +2.5654e-01 -1.6077e-01 -3.4164e+00 -5.3598e-01 +2.7471e+00 +3.3372e+00 +2.3108e+00 -1.3452e+00 -2.6222e+00 +1.3616e+00 +9.3186e-01 -6.2035e-01 -2.9257e+00 -1.7426e+00
1789 0 +1.550579747e+02 +1.325079747e+02 +1.325079747e+02 +3.3106e-01 +1.5002e+00 +1.9204e+00 +5.7525e-01 +1.5590e-01 +3.4876e-01 +8.4968e-01 -2.6712e+00 -1.3853e+00 -3.0487e+00 +9.8548e-01 +1.6711e+00 +9.3651e-01 -1.5265e+00 -1.7992e+00 +1.9636e+00 -2.0950e+00 -1.3196e+00 +4.6076e-01 -2.4916e+00
1923 0 +1.099591378e+02 +8.740913778e+01 +8.740913778e+01 +8.3498e-01 +7.5186e-01 +1.5689e-01 -1.4440e+00 +1.9323e+00 +3.2173e-03 -1.0994e+00 -2.2646e+00 -4.8817e-02 -2.0618e+00 +2.0933e-01 -2.1986e+00 +3.6533e+00 -2.2353e-01 -1.4916e+00 -4.5582e+00 +1.8136e+00 -2.6245e+00 +2.4366e-01 -1.0012e+00
% f evaluations | g evaluations | best noise-free fitness - Fopt (1.366000000000e+01) + sum g_i+ | measured fitness | best measured fitness or single-digit g-values | x1 | x2...
1 0 +3.087662024e+05 +3.087798624e+05 +3.087798624e+05 -1.2106e-01 -1.1500e+00 -1.0025e+00 +2.2139e-01 +1.4857e+00 -1.1467e+00 -2.8025e+00 -6.7521e-01 -2.3478e+00 -1.2590e+00 +2.5279e-01 +3.3055e-01 +3.3689e-01 +1.3859e+00 -5.5356e-01 -1.2209e+00 -4.9888e-01 -5.5412e-02 -9.7122e-02 +3.7784e-01
2 0 +4.283177374e+04 +4.284543374e+04 +4.284543374e+04 +7.1066e-01 +1.0282e+00 -7.1874e-01 -2.7557e-01 +7.1997e-01 +1.4473e+00 +3.4342e-01 +2.2711e+00 +4.3935e-01 -1.0518e+00 +1.2696e+00 +6.7325e-01 -1.9743e+00 +1.4974e+00 +1.1567e+00 +5.1594e-01 -2.5564e-01 +1.4415e-01 +1.2805e+00 -7.4998e-02
15 0 +3.325687780e+04 +3.327053780e+04 +3.327053780e+04 +3.0675e+00 -6.7858e-01 +4.6870e+00 -1.2297e+00 +2.1370e+00 +1.9279e+00 +3.1643e+00 +7.1899e-01 +2.1732e-01 -7.6089e-01 -2.8113e+00 +1.6663e-01 -2.7593e+00 -2.0488e+00 +3.7425e+00 +1.0057e+00 +1.4729e+00 -1.3494e+00 +1.7495e+00 -6.0992e-01
19 0 +1.149875457e+03 +1.163535457e+03 +1.163535457e+03 +2.6388e+00 -8.9341e-01 +2.3261e+00 +1.1756e-01 +3.2559e+00 +4.0893e+00 +1.5495e+00 +1.2087e+00 +1.8493e+00 -1.0377e+00 -2.9150e+00 +1.0527e+00 -4.4254e+00 +4.2099e-01 +2.1789e+00 +1.7707e+00 +1.8313e+00 -1.6478e+00 -2.1515e-01 -1.1191e+00
67 0 +6.065867644e+02 +6.202467644e+02 +6.202467644e+02 +1.1947e+00 +1.8079e+00 +3.0036e+00 +2.1519e-01 -1.8047e+00 -4.6860e+00 -1.4177e+00 +3.8514e+00 +3.1214e-01 -7.1903e-02 +3.5753e+00 -3.1693e+00 +1.5597e+00 +1.7798e+00 +9.3270e-01 +3.6093e+00 +3.8309e+00 +4.0767e+00 +3.5920e+00 -2.6937e+00
210 0 +4.163197257e+02 +4.299797257e+02 +4.299797257e+02 +2.3749e+00 +2.0844e+00 +8.5064e-01 -4.9012e-01 -3.2662e-01 -5.6163e-01 -1.3666e+00 -2.2438e+00 -6.9280e-01 +1.5733e+00 -3.2632e+00 +2.0482e+00 +1.5890e+00 +1.4170e+00 +1.2227e+00 +5.7516e-01 +1.9995e+00 -2.9794e+00 -1.5599e+00 +1.8449e+00
236 0 +3.086415524e+02 +3.223015524e+02 +3.223015524e+02 -1.7640e+00 +3.3093e+00 +2.6694e-01 +1.4081e+00 +4.4312e+00 +3.8631e+00 -9.1705e-01 +4.1442e+00 -5.0609e-01 +2.5941e+00 -2.8366e+00 +1.5225e+00 +8.1912e-01 -3.6472e-02 +3.3941e+00 -9.2700e-01 -1.0343e+00 +3.5303e-01 -2.7189e+00 +1.6619e+00
472 0 +2.703976307e+02 +2.840576307e+02 +2.840576307e+02 +1.7128e+00 +1.9261e+00 +1.7907e-01 -2.3313e+00 +3.1763e+00 +2.0764e+00 +3.6108e+00 -4.2626e-01 +2.4876e+00 +3.3596e+00 -2.0889e+00 +6.8196e-01 +1.1171e-01 +4.8968e+00 +1.7097e+00 +9.8457e-01 -9.8852e-02 +1.4444e+00 +4.0931e+00 +2.4686e+00
682 0 +2.172899393e+02 +2.309499393e+02 +2.309499393e+02 -2.0241e-01 -3.9758e-01 +1.0449e+00 +2.6888e+00 -4.6985e+00 +2.0112e+00 +4.3963e+00 -2.3101e+00 +1.7615e+00 -1.7490e+00 +2.3371e+00 -2.8836e-01 -1.7037e+00 +3.5484e+00 -5.4295e-01 -1.7557e+00 +3.3767e+00 -1.1357e+00 +3.0825e+00 -2.5602e+00
1852 0 +1.615835997e+02 +1.752435997e+02 +1.752435997e+02 +8.2110e-01 -3.6491e+00 +8.8482e-01 +3.6630e-01 -2.4260e+00 -4.1941e+00 -5.3874e-01 -3.7267e+00 +3.9982e+00 -3.3875e-01 -2.7771e+00 -9.5695e-01 -8.9854e-01 -4.2359e+00 +2.0689e+00 +4.7763e-01 -3.3616e+00 -2.2490e+00 +5.8808e-01 +1.5165e+00
% f evaluations | g evaluations | best noise-free fitness - Fopt (9.378400000000e+02) + sum g_i+ | measured fitness | best measured fitness or single-digit g-values | x1 | x2...
1 0 +3.436860444e+06 +3.437798284e+06 +3.437798284e+06 +4.9756e-01 +1.4032e+00 -9.2229e-01 +1.1236e+00 -1.4716e+00 -8.3300e-01 -2.4223e+00 +1.0009e-01 +7.3820e-01 +7.3828e-01 -7.2035e-01 -7.3287e-01 -3.3608e-02 -1.1210e+00 +6.4981e-01 +3.3471e-01 +1.0217e-01 -1.3848e+00 -1.0764e+00 +4.5049e-01
4 0 +2.931687409e+06 +2.932625249e+06 +2.932625249e+06 -3.2299e-01 -1.1238e+00 +8.4100e-01 -3.5659e-01 +1.1660e+00 -3.1976e-01 -1.0635e+00 +1.2500e-01 +1.0085e-01 +1.5763e+00 +6.3890e-01 +2.0855e+00 -1.0239e+00 +6.8769e-01 -4.2345e-01 -4.4325e-01 +2.3889e+00 +1.4437e+00 +1.2113e+00 +7.4071e-01
5 0 +7.458062902e+05 +7.467441302e+05 +7.467441302e+05 -1.4641e+00 +5.5201e-02 -4.4134e-01 -5.8898e-01 -6.5658e-01 -7.1781e-01 -4.1729e-01 +5.7262e-01 +3.1674e-01 +9.0644e-01 -8.7966e-01 +2.2691e+00 +6.3583e-01 -1.1185e+00 -2.9384e-01 +8.1127e-02 +5.2571e-01 +1.3802e-01 -2.0385e-01 -2.1509e-01
7 0 +4.825928976e+05 +4.835307376e+05 +4.835307376e+05 +8.9961e-02 +3.2332e-01 -2.7934e-01 -4.2996e-01 -2.6697e-01 +3.1072e-01 -2.2303e+00 -6.2073e-01 +1.0758e+00 -1.0435e-01 +3.3067e-01 -1.1493e+00 -2.1612e+00 +6.4083e-01 +4.8621e-02 +1.9782e+00 -2.5397e-01 -4.0854e-01 +1.0019e+00 +3.9983e-01
11 0 +9.155239408e+04 +9.249023408e+04 +9.249023408e+04 -8.8341e-01 +8.6412e-01 +1.2273e-01 -1.2721e+00 +8.2147e-01 +8.2921e-02 +2.1629e+00 +5.0960e-01 +1.8515e+00 -1.8758e+00 +2.0161e+00 -8.0889e-01 +7.6192e-01 +1.4951e+00 -2.4768e-01 +5.1895e-01 -8.9339e-01 -1.8810e+00 -7.6251e-01 +9.8435e-02
33 0 +8.462714575e+03 +9.400554575e+03 +9.400554575e+03 -1.2313e+00 -2.2465e-01 -2.5666e+00 -8.3816e-01 +1.9598e+00 -4.8173e-01 +2.5678e+00 -3.4447e+00 -4.9980e-01 -7.0601e-02 -2.2211e+00 -1.4747e+00 +1.1996e+00 +6.2763e-01 -1.3856e+00 +2.4651e+00 -1.7746e+00 +3.9964e+00 -9.8136e-01 +1.1284e+00
51 0 +4.183209543e+03 +5.121049543e+03 +5.121049543e+03 +7.5390e-01 +2.8604e+00 +2.6521e+00 +2.1088e+00 +2.3083e-01 -1.6731e+00 +8.0535e-01 -6.6389e-02 -3.2017e+00 +1.6584e-02 +9.9862e-01 +3.8706e-01 +8.8399e-01 +9.1934e-01 -2.9243e-01 +3.6955e+00 -8.0178e-01 +1.5152e+00 -5.5430e-01 -3.3029e+00
147 0 +1.474243602e+03 +2.412083602e+03 +2.412083602e+03 -3.4546e-01 +2.5378e+00 +4.8336e-01 +3.7331e+00 -8.1305e-01 +3.9202e+00 -4.4903e+00 -8.0631e-01 +1.3352e+00 +2.1928e+00 +2.9645e+00 +3.6648e+00 -8.1620e-01 +1.3319e+00 +2.8055e+00 +1.0262e+00 -3.5090e+00 +1.0572e+00 +3.4163e-01 +3.2752e+00
161 0 +4.255651074e+02 +1.363405107e+03 +1.363405107e+03 +4.9509e-02 -1.3486e+00 +3.0455e+00 +5.3538e-01 +1.2623e+00 +2.2678e+00 +2.0587e+00 +1.1681e+00 +9.6051e-01 +3.8787e+00 -3.0044e+00 -5.4192e-01 +2.8555e+00 +2.5796e+00 +4.6012e+00 -1.2597e-01 +3.5361e+00 -1.5265e+00 +7.0895e-01 +1.2389e+00
191 0 +1.670019383e+02 +1.104841938e+03 +1.104841938e+03 -2.7523e+00 -3.9295e-01 +3.8732e+00 -4.4716e+00 -7.5021e-01 +3.7453e+00 -1.9070e+00 -1.6908e-01 +3.2312e+00 +1.0546e+00 -2.8350e+00 +2.1133e+00 +1.5774e+00 -2.5910e+00 -1.1981e+00 -2.4804e+00 +1.8396e+00 -2.6967e-01 +9.6353e-01 +5.9872e-01
% f evaluations | g evaluations | best noise-free fitness - Fopt (-7.872000000000e+01) + sum g_i+ | measured fitness | best measured fitness or single-digit g-values | x1 | x2...
1 0 +8.486851277e+06 +8.486772557e+06 +8.486772557e+06 +2.5320e-01 -2.0910e-02 +1.0457e+00 +5.1158e-01 -1.5963e-01 +2.5301e+00 -9.3453e-01 +4.9454e-01 +3.1054e-01 -4.8430e-01 +1.6227e+00 -1.1170e+00 -7.5760e-01 -1.2671e+00 +8.7055e-01 +1.5801e-01 -4.0194e-01 +2.0448e-01 +7.2247e-01 -1.3689e+00
2 0 +6.843071648e+06 +6.842992928e+06 +6.842992928e+06 -7.5403e-01 +1.3095e+00 +6.1199e-01 -1.4966e+00 +1.0574e+00 +1.3046e+00 -9.2115e-02 -3.9918e-02 -1.1046e+00 +1.0963e+00 +1.0943e+00 +1.9590e+00 +1.2437e+00 +5.2689e-01 -1.3958e+00 -1.5712e+00 +1.4227e+00 -1.4517e+00 +2.6509e-01 +5.2430e-02
5 0 +5.017396067e+06 +5.017317347e+06 +5.017317347e+06 -2.3466e-01 -9.3830e-02 -1.2822e+00 -1.0194e+00 -1.1008e+00 +9.1344e-01 -1.6422e+00 +2.3967e-01 +3.3889e-01 +3.2518e-01 -2.3935e-01 -1.2752e-01 +1.4088e+00 -2.5702e-01 +1.2998e+00 +4.6233e-01 +4.5157e-01 -1.9024e+00 -8.5896e-01 +1.2816e-01
6 0 +4.929823416e+06 +4.929744696e+06 +4.929744696e+06 -1.9830e+00 -7.4657e-01 -1.4640e-01 +2.5745e-01 +1.6709e+00 -7.2296e-01 -9.6975e-01 -5.8465e-01 +6.7115e-01 -5.1910e-01 +7.9699e-01 -2.3737e-01 +9.9082e-01 +3.4565e-01 +1.2761e+00 -1.0296e+00 -9.4522e-01 +1.1362e+00 +1.0590e+00 +2.6933e+00
7 0 +5.493479551e+05 +5.492692351e+05 +5.492692351e+05 -5.8315e-01 -1.3149e+00 -1.1512e+00 -2.4584e-03 +3.5157e-01 -9.5504e-02 +6.5471e-01 +9.3804e-02 +2.3915e-01 +7.6606e-01 -1.0277e+00 -7.2604e-01 -7.8507e-01 -1.6499e+00 +8.0828e-01 -5.9192e-01 -8.3008e-01 -1.9707e+00 -9.4260e-01 +1.9019e-01
12 0 +2.624772613e+04 +2.616900613e+04 +2.616900613e+04 +8.1911e-01 +2.0640e+00 -9.8078e-01 +9.9359e-01 -1.1207e+00 -5.2947e-01 +1.7352e-01 +1.0648e+00 -1.6747e+00 -1.2370e-01 +1.8357e-01 +4.8920e-01 +3.3450e-01 -6.3155e-01 -1.3880e+00 +8.2361e-01 -1.8108e+00 -1.0020e+00 -1.2148e-01 -6.4184e-01
39 0 +3.174977787e+03 +3.096257787e+03 +3.096257787e+03 -1.0629e+00 +3.2294e+00 -1.1148e+00 -2.9063e+00 +9.5939e-01 -2.0400e+00 +4.4900e+00 -6.7519e-01 -3.0245e+00 +3.5055e+00 +1.4048e+00 -1.2305e+00 -2.1442e+00 +2.2093e-01 -1.0418e+00 +1.8206e+00 +6.3919e-01 -1.4508e+00 +1.8289e+00 +1.3983e+00
41 0 +3.011534438e+03 +2.932814438e+03 +2.932814438e+03 -2.6766e+00 +2.8070e+00 -8.6792e-01 -2.6057e+00 +1.6424e+00 -1.2295e+00 +4.5428e+00 -3.2093e-01 -2.8469e+00 +4.3373e+00 +1.1806e+00 -2.7819e+00 -2.1503e+00 -5.1399e-01 -6.1313e-01 +1.4330e+00 +6.8636e-01 -2.1572e+00 +1.3565e+00 +2.1419e+00
43 0 +1.484404632e+03 +1.405684632e+03 +1.405684632e+03 -5.3685e-01 +2.4143e+00 -1.7567e+00 -2.7237e+00 +2.5434e+00 -4.6207e-01 +4.8123e+00 +3.6746e-02 -3.4674e+00 +4.5337e+00 +3.0265e+00 -5.9722e-01 -1.4556e+00 -3.6018e-01 -3.7408e-01 +1.0673e+00 +1.3871e-01 -2.1488e+00 +6.2412e-01 +3.7644e-01
138 0 +4.066386399e+02 +3.279186399e+02 +3.279186399e+02 -2.2156e+00 +4.4251e-02 +4.0356e+00 +2.9559e+00 -3.9371e+00 -1.4738e+00 +1.2979e+00 -1.7673e+00 -1.5170e+00 -2.2181e+00 -5.5594e-01 +1.9123e+00 +1.1552e+00 +9.4366e-01 +1.5736e+00 -4.5750e+00 -1.4206e+00 +2.7614e+00 +1.7798e+00 -2.1419e+00
264 0 +1.699913184e+02 +9.127131836e+01 +9.127131836e+01 +1.0796e+00 +8.3867e-02 -5.0333e-01 +1.2351e+00 -2.1191e+00 +5.0888e-01 +1.7324e+00 -4.1924e+00 -1.6064e-01 +1.6699e+00 +4.1404e-01 +2.4801e+00 +3.5210e+00 +1.1628e+00 -2.3238e+00 +5.7872e-01 +5.7585e-01 +1.5475e+00 -7.5313e-01 -2.4232e+00
514 0 +1.677783509e+02 +8.905835091e+01 +8.905835091e+01 +1.3012e+00 -6.8003e-01 +1.7373e+00 +3.9770e+00 +1.0252e+00 +9.7294e-02 -2.1286e-01 +1.4065e-01 +1.7146e+00 +2.2297e+00 -2.2529e+00 +8.7332e-01 +6.2495e-01 +1.0876e+00 -3.6484e+00 -2.6029e+00 -3.5181e+00 +1.4616e+00 -2.4203e-01 +2.6628e+00
% f evaluations | g evaluations | best noise-free fitness - Fopt (-4.151000000000e+01) + sum g_i+ | measured fitness | best measured fitness or single-digit g-values | x1 | x2...
1 0 +1.350617518e+07 +1.350613367e+07 +1.350613367e+07 +9.6525e-01 +9.7038e-01 +1.2625e+00 +1.1159e+00 -3.1626e-01 -1.3464e-01 -7.5233e-01 +8.2970e-01 -8.3009e-01 -1.8560e-01 +7.0718e-01 -2.9785e-01 -2.4521e-01 +3.1579e+00 +9.1375e-01 +4.2292e-01 -4.8726e-01 -2.3970e-01 +1.3911e+00 +1.0544e+00
3 0 +1.197718878e+07 +1.197714727e+07 +1.197714727e+07 -2.2501e-01 -2.9471e-01 -2.0114e-01 +1.7627e+00 +1.4829e+00 -4.7368e-01 +4.7854e-02 +2.3317e-01 +1.0283e+00 -1.3809e+00 -4.8125e-01 +5.5856e-01 +1.2805e+00 -7.8585e-01 +2.5033e-01 -1.6615e+00 -1.0476e+00 +1.4118e+00 +4.1684e-01 +2.1217e-01
5 0 +1.093594118e+07 +1.093589967e+07 +1.093589967e+07 +3.3618e-01 +2.3396e+00 -3.8437e-02 -2.3865e+00 +7.6881e-01 +2.5049e+00 +3.1776e-01 +4.2331e-01 +3.4162e-01 -4.9520e-01 -2.1991e+00 +2.4089e-01 +7.8081e-02 -9.8188e-01 -6.8165e-01 -3.6053e-01 +5.6842e-01 +8.4014e-02 -3.5451e-01 +4.5465e-01
6 0 +3.717312336e+06 +3.717270826e+06 +3.717270826e+06 +4.6386e-01 -3.9759e-01 -3.5073e-01 -1.6680e-01 -5.8789e-01 +2.2968e+00 -1.3358e+00 -3.2934e-01 +4.6419e-01 +2.0099e-01 -8.5756e-01 +7.1356e-01 +2.5252e-02 -1.4035e+00 +8.8219e-01 +3.9121e-01 -7.6708e-01 +1.5047e+00 -4.2772e-01 +8.0729e-01
10 0 +2.724740059e+06 +2.724698549e+06 +2.724698549e+06 -2.0505e-01 +1.5097e-01 -1.9905e-01 -7.8963e-01 -2.3537e+00 -2.7917e-01 +1.5478e+00 -1.1158e+00 +1.5819e+00 -4.1546e-01 -1.1592e-01 +1.5998e+00 -1.2346e+00 -1.3498e-01 +5.8130e-01 -2.1537e-01 -1.4928e+00 +2.1185e+00 -1.4850e+00 -4.8284e-01
16 0 +2.122639305e+05 +2.122224205e+05 +2.122224205e+05 +7.4938e-01 -1.5563e+00 +9.0755e-01 +4.2828e+00 -3.4496e+00 -2.0930e+00 +3.5696e+00 +4.5244e-01 -4.2101e+00 -5.5925e-01 -2.7606e+00 +2.9680e+00 -2.6708e+00 -3.0258e+00 -1.4658e+00 -2.6669e+00 -2.6544e+00 +2.2788e+00 +1.8019e-01 -5.5564e-01
89 0 +1.157402821e+05 +1.156987721e+05 +1.156987721e+05 +3.4964e+00 -8.8990e-01 -1.4763e+00 -2.4331e+00 -8.8322e-01 -6.8654e-01 +6.7463e-01 +4.9830e+00 -2.6524e+00 +1.2605e+00 -1.2472e-01 +9.8465e-01 +4.3167e+00 -3.6893e+00 +9.6402e-01 -2.1611e+00 -6.9796e-02 +1.5097e+00 -4.2234e+00 -1.6379e+00
141 0 +5.859632009e+04 +5.855481009e+04 +5.855481009e+04 +1.5398e+00 +6.7847e-01 -3.6258e+00 -1.5809e+00 +7.5650e-01 +2.7346e+00 -2.9587e+00 -2.2617e+00 +1.4997e-01 +3.5702e+00 -1.2064e+00 +2.7063e+00 -4.0419e-01 -1.2155e+00 +1.2242e+00 +1.2136e-01 -2.8199e+00 +4.5257e-01 +8.4896e-01 +1.8666e+00
178 0 +4.583621965e+04 +4.579470965e+04 +4.579470965e+04 +2.1028e+00 -9.4431e-01 +1.5221e+00 +1.4974e+00 +8.7221e-01 +1.0891e+00 +2.1854e+00 +2.1179e+00 -6.1081e-01 -1.0975e+00 -2.8956e+00 -1.7044e-01 -4.3524e+00 -8.8459e-01 +1.7770e+00 +8.9501e-01 -1.1573e-01 -1.1210e+00 -3.4784e+00 +2.2086e+00
219 0 +1.123275595e+04 +1.119124595e+04 +1.119124595e+04 -2.8821e-02 -8.6536e-01 +2.2906e+00 -6.9655e-01 +1.4226e+00 -3.0082e+00 -1.3586e+00 +2.2459e+00 +2.2446e+00 -3.5880e+00 +8.4825e-01 -7.8676e-01 -1.5612e+00 -3.4393e+00 +4.2560e+00 -3.9206e-01 +2.4788e+00 -3.9304e+00 -2.2008e+00 +4.9970e+00
239 0 +3.532256361e+03 +3.490746361e+03 +3.490746361e+03 +3.4929e+00 +2.6880e-01 +2.4466e+00 -2.1951e+00 +2.2349e+00 +2.6422e+00 -2.0966e+00 -3.0995e-01 +1.2757e+00 +4.0080e+00 -1.1660e+00 +1.9506e+00 -2.0370e+00 -1.9547e+00 -4.0567e-01 -1.1543e+00 -1.4709e+00 -1.1479e-01 -9.7974e-01 +8.2867e-01
241 0 +9.448683069e+02 +9.033583069e+02 +9.033583069e+02 +2.4585e+00 +1.8120e-01 +3.0133e+00 -1.8179e+00 +2.7452e+00 -2.2424e-01 -2.9432e+00 -8.8162e-01 +1.6196e+00 +9.9953e-01 -3.6227e-01 +3.3923e+00 -2.1898e+00 -2.1790e+00 -4.1461e-01 -5.6918e-01 -2.8780e+00 -5.1695e-01 -1.7634e+00 -3.9705e-01
1387 0 +4.784599624e+02 +4.369499624e+02 +4.369499624e+02 -4.6516e-01 -6.1137e-01 -8.7106e-01 +2.3327e-01 -2.4085e+00 +1.9228e+00 -1.2426e+00 -2.1757e+00 -4.0047e+00 +2.5828e-01 -2.9460e+00 -1.2044e-01 +2.7645e+00 -6.2704e-01 -1.7843e-01 -4.0631e+00 -4.3399e+00 +1.7246e+00 +1.4314e+00 +4.6005e+00
% f evaluations | g evaluations | best noise-free fitness - Fopt (1.320700000000e+02) + sum g_i+ | measured fitness | best measured fitness or single-digit g-values | x1 | x2...
1 0 +1.590235698e+07 +1.590248905e+07 +1.590248905e+07 -6.1412e-01 -1.4475e+00 -7.6026e-01 -5.4477e-01 -7.3119e-01 +6.6171e-01 -3.7693e-02 +7.4948e-01 -8.5609e-01 +5.1120e-01 +1.2715e+00 +7.0771e-01 +2.2124e+00 +1.0684e+00 +3.8739e-01 -3.6740e-01 -1.5556e+00 +1.6427e+00 +5.2297e-02 +1.7395e+00
2 0 +1.660502835e+05 +1.661823535e+05 +1.661823535e+05 -1.4087e-01 +2.5581e+00 +6.5848e-01 -2.4745e-01 +1.1865e-01 +2.5850e+00 +1.3056e-01 +8.2883e-01 +1.2631e+00 +2.9187e-01 +7.7870e-01 -1.1145e+00 -2.5274e+00 +2.7919e-01 -6.2468e-01 -8.3567e-01 -9.9284e-01 -5.2748e-01 +1.4109e+00 -1.6860e+00
67 0 +9.706867617e+04 +9.720074617e+04 +9.720074617e+04 -7.6417e-01 +4.7188e+00 +6.5873e-02 -9.2842e-01 +4.5116e-02 +1.7517e-01 +2.3147e+00 +1.6619e+00 -1.2351e+00 +2.9506e+00 -5.4820e-01 +2.2576e+00 -2.5560e+00 +1.7520e+00 +1.6280e+00 -3.6197e+00 +1.5476e+00 +2.0863e+00 -2.8155e+00 -5.1342e-01
80 0 +4.396731165e+03 +4.528801165e+03 +4.528801165e+03 -3.5457e+00 +3.2002e+00 -7.4213e-01 +2.2849e+00 -2.6844e+00 -6.3902e-01 -4.3172e+00 +1.1882e+00 +2.0759e+00 +6.1738e-01 -2.1134e-01 -2.1879e+00 +3.3433e+00 +1.1749e-01 -3.5729e+00 +1.6276e+00 -4.3686e+00 +9.4971e-01 -8.7100e-01 +4.4203e+00
99 0 +1.413195629e+03 +1.545265629e+03 +1.545265629e+03 -1.9468e+00 +8.7711e-01 +2.2758e+00 +1.2973e+00 +1.7885e+00 -2.1312e+00 -2.1750e-01 -1.1283e-01 -1.9348e+00 +2.7993e+00 +8.9218e-03 -6.0655e-01 +1.5767e+00 +3.9820e+00 +4.7750e+00 -1.7097e-01 -4.3098e+00 +9.2218e-02 +3.6825e+00 +1.5906e+00
268 0 +3.778254589e+02 +5.098954589e+02 +5.098954589e+02 -1.0780e+00 +1.8665e+00 +2.2997e+00 +7.2682e-01 -8.3245e-01 -2.4246e-01 -2.9065e-01 +2.0778e+00 -2.7684e+00 +1.2773e+00 +3.9377e-01 -1.1045e-01 +9.4452e-01 -4.1266e-01 +2.0050e+00 +1.7874e+00 -3.0966e+00 -1.0056e+00 -3.2320e-01 -6.4388e-02
269 0 +1.737342019e+02 +3.058042019e+02 +3.058042019e+02 -2.2697e+00 +1.5170e+00 +1.8603e+00 +1.3483e+00 +1.9618e-01 -2.1995e+00 -2.5358e+00 +1.7025e+00 -1.2906e+00 +8.9778e-02 +3.0182e-01 -1.5184e+00 +1.5215e-01 +5.8753e-01 -1.0977e+00 -1.8324e-01 -4.1824e+00 -7.1034e-01 -1.5782e+00 +6.0276e-01
% f evaluations | g evaluations | best noise-free fitness - Fopt (9.725000000000e+01) + sum g_i+ | measured fitness | best measured fitness or single-digit g-values | x1 | x2...
1 0 +2.169346789e+06 +2.169444039e+06 +2.169444039e+06 +1.2317e-01 -2.0265e+00 +5.3105e-02 -1.3996e+00 +1.0305e+00 -7.5394e-01 +1.0759e+00 +9.1477e-01 -1.9082e+00 -9.7995e-01 -3.1800e-01 -1.7308e+00 -9.0360e-01 +6.8851e-01 +3.8542e-01 -3.3187e-01 -1.6138e-01 -9.2576e-02 -2.7246e-01 -1.1934e+00
9 0 +1.622998222e+06 +1.623095472e+06 +1.623095472e+06 +5.8608e-01 -8.5494e-01 +9.9225e-01 +1.5829e+00 +7.0661e-01 +5.6192e-01 -1.0430e-01 -9.1981e-01 +2.1635e-01 +9.5792e-01 +1.1496e+00 -2.7916e+00 +7.5933e-01 -5.2250e-01 -1.1113e+00 -2.2564e+00 -3.2499e-01 +1.5364e+00 -1.0711e-01 -5.3682e-01
39 0 +1.108670703e+06 +1.108767953e+06 +1.108767953e+06 -2.6321e+00 +2.2974e+00 -1.3952e+00 -2.4274e+00 +3.2917e-01 +1.6172e+00 +6.0715e-01 +1.3288e+00 -2.0338e+00 -2.0833e+00 +3.4395e-01 -3.5586e+00 +1.5721e-03 -2.9197e+00 -2.6299e-01 +2.3665e+00 -7.9261e-01 +4.4419e-02 -1.1257e+00 +2.2014e+00
42 0 +7.606884182e+05 +7.607856682e+05 +7.607856682e+05 -1.5674e+00 +2.4525e+00 -2.2329e+00 -7.4760e-01 +1.9800e+00 +3.7890e+00 +4.7791e-01 -3.9261e-01 -1.4024e+00 -4.3913e+00 +8.3748e-01 -3.0043e+00 -1.6647e-01 -1.3887e+00 -3.1163e+00 +2.5032e+00 -5.8035e-01 -1.4324e-02 +6.6902e-01 +3.8502e+00
43 0 +2.730446903e+05 +2.731419403e+05 +2.731419403e+05 -3.6026e-01 +1.9967e+00 -4.9140e+00 +6.3822e-01 +5.8410e-01 +1.4803e+00 -2.7553e-01 -3.7082e-01 -2.1622e+00 -3.4007e+00 +1.2396e+00 -2.2610e+00 -7.5031e-01 +3.5585e-01 +7.7003e-01 +6.7155e-01 -3.9950e-01 +3.0422e-01 +8.5235e-01 +1.9875e+00
67 0 +3.114359450e+03 +3.211609450e+03 +3.211609450e+03 -6.7084e-01 +7.6368e-01 -2.9439e+00 +4.5781e+00 -2.0563e+00 -1.7420e-01 +1.4282e+00 -2.3173e+00 -2.0164e+00 +4.1703e+00 +6.5802e-01 -2.7733e+00 +1.3722e+00 +3.0316e+00 +7.3415e-01 -2.2917e+00 +2.6852e+00 -4.1593e-02 +2.1316e+00 +4.5293e+00
70 0 +1.904192378e+02 +2.876692378e+02 +2.876692378e+02 -5.8262e-01 +2.6363e+00 -2.5520e+00 +2.2511e+00 -3.1570e+00 +3.5609e-01 +7.0070e-01 -2.7136e+00 -1.6530e+00 +3.8436e+00 +8.5967e-01 -1.0178e+00 +1.5161e+00 +1.4976e+00 +2.0801e+00 +7.8335e-01 +2.4260e+00 -3.0160e-01 -7.4518e-02 +2.8621e+00
% f evaluations | g evaluations | best noise-free fitness - Fopt (-2.033000000000e+01) + sum g_i+ | measured fitness | best measured fitness or single-digit g-values | x1 | x2...
1 0 +7.122760468e+03 +7.102430468e+03 +7.102430468e+03 -8.3361e-01 -4.1273e-01 +1.3536e+00 +1.6856e+00 +3.1016e-01 +1.0095e+00 -4.4597e-01 -2.7130e-01 -1.7955e-01 -6.9042e-01 +1.7621e+00 -1.7972e+00 +5.5808e-01 -4.6976e-01 -1.6357e+00 -4.8608e-01 -1.7481e+00 +1.1977e+00 -9.3688e-02 -6.8150e-01
24 0 +2.044749421e+03 +2.024419421e+03 +2.024419421e+03 +1.6307e+00 -1.0075e+00 -2.0107e+00 -7.0688e-01 -3.4544e+00 -1.1153e+00 +1.1585e+00 +3.2765e+00 +2.7497e-01 -1.9597e+00 +4.1121e+00 +3.6817e+00 -3.3465e+00 -7.7824e-01 +8.3945e-01 -9.5198e-01 -2.2215e+00 -9.4749e-01 +3.5363e+00 -9.6179e-02
187 0 +1.645698176e+03 +1.625368176e+03 +1.625368176e+03 -3.7463e+00 +1.5331e+00 -1.8837e+00 -4.0343e+00 -2.2481e+00 +9.8996e-01 -4.1653e+00 -3.9157e+00 -4.1948e+00 -4.3718e+00 +1.8411e+00 -3.9412e+00 +1.0183e+00 -9.1059e-01 +4.4688e-01 -3.2060e-02 -2.9368e+00 -2.8857e-01 +1.3854e+00 -2.9550e+00
265 0 +4.427779262e+02 +4.224479262e+02 +4.224479262e+02 -9.6291e-01 +2.0156e+00 -3.1872e+00 -1.0108e+00 +1.8305e+00 -2.9406e-01 -5.7599e-01 -1.4110e-01 -1.5892e+00 +2.6455e+00 +2.6103e+00 +3.8103e-01 +1.6090e+00 +3.7853e+00 -3.7057e-01 +1.2704e+00 -1.3886e+00 +1.8726e+00 -6.9388e-01 -4.8703e+00
807 0 +3.068081058e+02 +2.864781058e+02 +2.864781058e+02 -2.6055e+00 +1.4242e+00 +1.8173e+00 +2.6784e+00 -1.9281e+00 +1.8680e+00 +3.6609e-01 -3.0625e+00 +1.9482e+00 -2.4886e+00 +3.6887e+00 +3.6411e-01 +3.7225e+00 -2.1048e+00 +2.0203e+00 -9.5453e-01 +1.6761e+00 -2.1948e+00 -3.2669e+00 -1.1315e+00
1135 0 +2.422208553e+02 +2.218908553e+02 +2.218908553e+02 -8.7536e-01 -2.0191e+00 +3.5507e+00 -2.3140e+00 -1.6457e+00 +2.4125e+00 +4.5971e-01 +2.0905e+00 -1.2406e+00 -3.2513e+00 -3.8585e-01 -1.2953e+00 +4.0750e+00 -3.1094e-01 -1.0019e+00 -3.1477e+00 +8.0133e-01 +1.3919e+00 +4.1655e-01 -3.5482e+00
% f evaluations | g evaluations | best noise-free fitness - Fopt (9.431000000000e+01) + sum g_i+ | measured fitness | best measured fitness or single-digit g-values | x1 | x2...
1 0 +6.291295731e+05 +6.292238831e+05 +6.292238831e+05 +4.7338e-01 -4.5992e-01 -8.5549e-01 +1.0883e+00 +3.7675e-02 +3.4283e-01 -1.1599e+00 +9.9126e-01 -7.8277e-01 -1.4376e-01 +1.2987e-01 -6.7446e-01 -3.8988e-01 -7.1747e-02 -3.5361e-01 +1.7370e+00 +6.5550e-01 -4.3475e-01 -1.3840e-01 +1.1700e+00
9 0 +9.190639561e+04 +9.200070561e+04 +9.200070561e+04 -1.1779e+00 -1.2187e-01 +2.8336e+00 +9.2644e-01 +1.6847e-01 +5.2666e-01 -7.6670e-01 -1.1206e-01 +3.1060e-01 +2.3184e+00 -4.7827e-02 +1.6060e+00 +1.2144e-01 -1.4679e-01 -1.8017e-01 -1.1647e+00 +2.3295e-01 +1.1656e+00 +1.3023e-01 -9.4090e-01
10 0 +7.833422262e+04 +7.842853262e+04 +7.842853262e+04 +4.6257e-01 -1.9378e+00 -1.0985e+00 -3.3358e-01 +9.7699e-01 +6.8056e-01 +6.8706e-01 -1.1873e+00 -6.1969e-01 -9.1583e-02 +5.5108e-01 -1.1369e+00 -3.2659e-02 -1.7299e-01 -9.8330e-02 -3.6646e-01 +1.5753e-02 +1.9375e+00 -4.1942e-01 -9.3302e-01
81 0 +4.879463003e+02 +5.822563003e+02 +5.822563003e+02 -1.8954e+00 -2.3455e+00 +3.6506e+00 +1.5969e+00 +2.8596e+00 -1.0272e+00 +8.7208e-01 -2.6246e-01 -8.1877e-01 +2.3498e+00 -3.6014e-01 +1.3871e+00 -3.0196e+00 +4.6291e+00 +1.9008e+00 +2.4917e+00 +6.9740e-01 +1.1625e+00 +8.1828e-01 +1.5504e+00
234 0 +3.725859348e+02 +4.668959348e+02 +4.668959348e+02 +4.1250e+00 +2.5329e+00 -1.7620e+00 -1.3273e+00 -2.6359e+00 -1.2358e+00 +2.7461e+00 +2.1130e+00 -4.4338e-01 -3.0161e-01 +7.8722e-01 +2.3147e+00 -9.7298e-01 +9.6022e-01 -3.2322e+00 -2.7335e+00 +3.8119e+00 +7.7743e-01 -9.4230e-02 +1.9263e+00
394 0 +1.941604612e+02 +2.884704612e+02 +2.884704612e+02 -1.1296e+00 -7.9421e-01 -3.4661e+00 +1.1959e+00 -2.5058e+00 -1.4019e+00 -3.6553e-01 +1.3278e+00 -6.9394e-01 +1.2041e-01 +3.9110e+00 -5.3363e-01 -6.4661e-01 -5.9163e-02 -2.2035e+00 +2.1073e-01 -4.5532e+00 -3.0284e-01 -4.5501e+00 +4.6044e-01
410 0 +1.800806157e+02 +2.743906157e+02 +2.743906157e+02 -1.0201e-01 +1.3211e+00 +1.4008e+00 -1.5505e+00 +1.2873e+00 -1.1300e+00 -1.7207e+00 -5.9905e-02 -4.9763e+00 -4.2402e-01 +3.8016e+00 +3.6284e-01 +1.4098e+00 +2.9323e+00 +5.3267e-01 -7.7807e-01 +4.2631e+00 +1.3027e-02 -2.2048e+00 -6.0055e-01
% f evaluations | g evaluations | best noise-free fitness - Fopt (-1.436900000000e+02) + sum g_i+ | measured fitness | best measured fitness or single-digit g-values | x1 | x2...
1 0 +1.305536809e+06 +1.305393119e+06 +1.305393119e+06 -5.3657e-01 -1.2579e+00 +4.0456e-01 +2.2195e+00 -1.1962e+00 -5.4251e-01 +2.1430e+00 +1.6775e-02 +6.5905e-01 +1.1763e+00 -9.5395e-01 +9.4251e-01 -1.3395e-01 +1.1632e+00 -1.4532e-01 -1.3530e+00 -1.2405e-01 +6.7843e-01 +3.7915e-01 +6.8786e-01
2 0 +7.957301001e+04 +7.942932001e+04 +7.942932001e+04 +8.0145e-01 +9.4481e-01 -9.1843e-02 +4.1750e-01 +1.6639e-01 +8.7724e-01 +1.5791e+00 +1.2306e+00 -5.1069e-01 -4.9543e-01 +6.0040e-01 +2.5784e-01 -5.8724e-01 -1.3269e-01 +1.9209e+00 -5.6652e-01 -1.3238e+00 +1.9111e-01 +2.5056e-01 +3.0812e-01
3 0 +1.374333616e+04 +1.359964616e+04 +1.359964616e+04 +1.1787e+00 +2.8449e+00 -2.9326e-01 -5.1311e-01 +1.3856e-01 -7.3913e-01 -5.3511e-02 -1.1314e+00 -9.7977e-01 +6.6584e-01 -1.0727e-01 +1.3735e+00 +1.4359e+00 -1.2570e+00 -7.9460e-01 +1.3302e+00 -4.4427e-01 -4.7698e-01 -2.0804e+00 -1.9233e+00
22 0 +2.141434180e+02 +7.045341802e+01 +7.045341802e+01 -9.7455e-01 +1.2727e+00 -3.1651e-01 -3.2523e+00 +4.1522e+00 -3.5979e+00 -5.1768e-01 +6.0429e-01 -3.6212e-01 +9.5911e-01 +8.8408e-02 -6.8737e-01 +1.4330e+00 -4.2328e+00 +1.6340e+00 -3.1351e+00 -2.5431e+00 -5.9279e-02 +2.4606e+00 +1.9401e+00
47 0 +1.563071314e+02 +1.261713135e+01 +1.261713135e+01 -1.3491e+00 -4.8118e-02 -2.8995e+00 +2.1485e+00 -3.0327e+00 -3.4176e+00 -3.2057e+00 -3.2891e+00 +3.9712e+00 -9.8030e-02 -5.8454e-01 -4.9110e-02 -1.4228e+00 -9.6983e-01 -2.1044e+00 -3.6897e-01 +3.0703e+00 +2.7936e+00 +3.3284e+00 +2.7990e+00
1446 0 +1.140692737e+02 -2.962072633e+01 -2.962072633e+01 +7.4503e-01 -1.0134e+00 -4.5126e-01 +7.9033e-01 -1.2628e+00 -1.8843e+00 -6.2600e-01 -1.7475e-01 +1.8933e+00 -2.6871e+00 -1.4011e+00 +1.5301e+00 -1.2857e+00 +3.0747e-01 -1.1410e+00 +3.5638e-01 +8.7932e-01 +6.8436e-01 +2.0397e-01 -1.2749e+00
% f evaluations | g evaluations | best noise-free fitness - Fopt (-3.533800000000e+02) + sum g_i+ | measured fitness | best measured fitness or single-digit g-values | x1 | x2...
1 0 +1.251616888e+07 +1.251581550e+07 +1.251581550e+07 +5.1904e-01 -5.4838e-01 -9.9762e-02 +2.8528e+00 +4.5077e-01 +3.5491e-01 -1.1451e-01 +2.3679e-01 +5.6465e-01 -7.9107e-02 +1.7491e+00 -5.5121e-01 +8.7584e-02 -4.3369e-02 -1.4351e+00 -2.0262e-02 +1.5129e+00 +7.0374e-01 +2.8279e+00 -1.1508e+00
2 0 +1.240620651e+07 +1.240585313e+07 +1.240585313e+07 +1.0106e+00 +1.9170e+00 -1.8339e+00 -1.5669e+00 -2.4657e-01 +4.1149e-01 -1.4453e+00 -8.9984e-01 +1.3652e+00 -5.2836e-01 +5.4632e-01 +2.9445e-01 +1.1924e+00 -6.7211e-01 -5.7675e-02 -1.3693e+00 -1.4520e+00 -1.7164e+00 +4.1396e-01 -7.8340e-01
3 0 +2.746183359e+06 +2.745829979e+06 +2.745829979e+06 +1.3586e-01 -3.5528e-02 +6.1116e-01 -4.4789e-01 -1.0813e+00 -5.3026e-01 -8.3339e-01 -1.9189e+00 +2.1941e-01 +4.6334e-01 +1.1501e-01 +1.8376e+00 +1.2557e+00 +9.1499e-01 +2.0316e+00 +2.4441e-01 +1.0062e+00 -1.5894e-01 -9.2367e-01 -3.9067e-01
4 0 +4.983986847e+05 +4.980453047e+05 +4.980453047e+05 -2.9165e-01 -1.5317e+00 -2.1614e+00 +5.7730e-01 -1.5889e+00 -2.2135e-01 +9.3175e-01 +4.7977e-01 -1.8663e+00 -7.9311e-01 -5.3393e-01 +1.3697e+00 -7.2368e-01 +1.2248e+00 -7.7683e-01 -5.5232e-01 -3.5041e-01 -1.3375e+00 +1.5084e-01 +1.4409e+00
12 0 +4.206433339e+04 +4.171095339e+04 +4.171095339e+04 -5.5205e-01 -4.4485e-01 -7.9384e-01 -1.8310e+00 +1.9229e-01 -2.9659e-01 +4.7704e-03 +4.9122e-01 -2.1947e+00 -7.6599e-01 -4.5169e+00 +9.1666e-01 -1.1720e+00 -9.9029e-01 +5.7431e-01 -3.0731e-02 -3.2495e+00 +1.6897e+00 +7.6183e-01 +2.4245e+00
16 0 +1.198762523e+03 +8.453825231e+02 +8.453825231e+02 -2.4798e-01 +2.5093e-01 +2.6134e+00 +1.9289e+00 +2.6891e+00 -3.3270e+00 +2.8683e+00 -3.4537e+00 -2.9601e+00 -1.9158e+00 +1.3156e-01 +1.7666e+00 -8.1282e-01 -1.1603e+00 +6.6820e-01 -1.2448e+00 -2.4138e+00 -3.7693e+00 -1.7866e+00 -3.0906e+00
390 0 +4.534969035e+02 +1.001169035e+02 +1.001169035e+02 -1.8548e+00 +1.5033e+00 -1.0491e+00 +1.2404e+00 -4.5010e-01 -2.1473e+00 +1.6136e+00 -3.4863e+00 -1.3078e+00 +1.1723e+00 +1.3357e+00 +2.1902e+00 +1.8581e+00 +8.6442e-01 -1.7090e+00 +1.0768e+00 +1.6553e+00 -1.1283e+00 -1.8412e+00 +4.9784e-01
508 0 +1.123918082e+02 -2.409881918e+02 -2.409881918e+02 +1.4547e+00 +6.6174e-01 +1.2469e+00 -2.2065e+00 +3.9567e-01 -1.7380e+00 +1.5208e+00 -1.5267e+00 -2.9157e+00 -1.3964e+00 +1.2962e+00 +2.4151e+00 +6.5044e-01 -1.3071e+00 -1.0714e+00 +1.7922e+00 -3.1892e+00 +9.7272e-01 -1.1291e+00 -9.0315e-01
% f evaluations | g evaluations | best noise-free fitness - Fopt (-2.910000000000e+00) + sum g_i+ | measured fitness | best measured fitness or single-digit g-values | x1 | x2...
1 0 +3.427097766e+03 +3.424187766e+03 +3.424187766e+03 +2.2530e+00 -1.9210e-01 -5.1025e-02 +2.6453e-01 +3.2867e-01 +2.3013e-01 +5.3389e-01 -3.1920e-01 -1.1922e-01 -2.7715e+00 -5.4534e-01 -6.1255e-01 +1.6984e+00 +9.1122e-01 +3.0748e-01 +7.6265e-01 +1.9442e+00 -9.2687e-01 -4.8162e-01 -9.9967e-01
10 0 +1.142556866e+03 +1.139646866e+03 +1.139646866e+03 -9.3167e-01 -1.4354e+00 +9.0525e-01 +7.3969e-01 +5.8501e-01 +9.4864e-01 +1.3875e+00 -7.4137e-01 -6.6164e-01 +1.4931e+00 +7.1598e-01 -4.4722e-01 -1.7454e-01 +9.3104e-01 -8.1259e-01 +1.2096e+00 +4.4056e-02 -2.1429e-01 +1.4537e-01 -1.5351e+00
299 0 +2.584286588e+02 +2.555186588e+02 +2.555186588e+02 +2.6882e+00 +3.0296e-01 -1.4921e+00 -8.3663e-02 -3.2613e-01 +1.3405e-01 +9.9898e-01 -3.7531e-01 -1.1371e-01 +2.1477e+00 -3.3615e+00 -1.5787e-01 -1.2084e-01 +1.7754e+00 +6.9886e-01 -4.0955e+00 -1.5638e+00 -7.9733e-01 -1.3002e+00 -4.4534e+00
498 0 +1.624565700e+02 +1.595465700e+02 +1.595465700e+02 +3.1129e+00 +5.6698e-02 -1.4533e+00 -2.5679e+00 -3.4022e+00 +3.3727e+00 -3.2873e-01 -1.2178e+00 -4.9758e-01 +9.8225e-01 +4.9412e-01 +4.4592e-01 -2.5664e+00 +3.8694e-02 +2.0181e+00 +4.8755e-01 +8.7250e-01 -2.5486e-01 -2.2032e+00 -1.6833e+00
% f evaluations | g evaluations | best noise-free fitness - Fopt (-2.970000000000e+00) + sum g_i+ | measured fitness | best measured fitness or single-digit g-values | x1 | x2...
1 0 +5.176982939e+06 +5.176979969e+06 +5.176979969e+06 -4.9945e-01 +1.7922e+00 -1.9477e-02 +4.3573e-01 +2.6983e+00 -9.2688e-01 +2.0648e-01 +1.8609e+00 -9.0387e-01 -4.8766e-01 +8.7191e-01 -9.3191e-01 +3.3980e-01 -1.0531e+00 -1.1838e+00 +6.5180e-02 +2.5294e-01 +1.4262e+00 -3.5307e-03 +1.2616e-01
2 0 +1.362388253e+06 +1.362385283e+06 +1.362385283e+06 -6.3867e-01 +8.2403e-01 +2.1099e+00 -1.3077e+00 +2.4776e+00 -5.4965e-01 -3.6049e-01 -4.3080e-01 -1.1297e+00 +8.7015e-01 -8.0248e-01 -1.0432e+00 +2.8534e-01 +7.6360e-01 +1.1701e+00 +1.2326e+00 +2.7065e-01 -6.5993e-01 +3.5672e-01 -3.0274e-01
10 0 +2.900823587e+05 +2.900793887e+05 +2.900793887e+05 -1.1952e+00 -7.0081e-01 +9.1733e-01 +8.8919e-01 -3.2548e-01 -2.5392e-01 -3.5991e-01 -3.1358e-02 -1.0768e+00 -3.6405e-01 -6.9961e-01 -1.3102e-01 -8.8571e-01 -5.2002e-02 +1.7583e-01 +1.3606e+00 +9.4196e-01 -9.5048e-01 +8.0968e-01 +7.6694e-01
24 0 +1.399163892e+04 +1.398866892e+04 +1.398866892e+04 -3.0962e+00 -8.5527e-01 -5.7353e-01 +4.4218e-01 +2.5567e+00 -2.4555e+00 -8.1406e-01 -2.5124e+00 -3.5641e+00 -9.8124e-01 +2.6910e+00 -1.6094e+00 -2.5856e+00 +8.3098e-01 +3.3480e+00 +6.1757e-01 -2.1520e+00 -3.8666e+00 -3.0123e+00 +2.2707e-01
30 0 +1.867914128e+03 +1.864944128e+03 +1.864944128e+03 -9.8947e-01 -3.0102e-01 +7.0812e-01 +7.9093e-01 +2.6684e+00 -1.5619e+00 -3.2712e+00 -4.2943e+00 -4.5102e+00 -2.2983e+00 +3.1130e+00 -4.4262e-02 -3.2904e+00 +4.2848e-01 +4.7996e+00 +2.7796e+00 -2.1633e+00 -2.7400e+00 -2.2957e+00 +5.3983e-01
45 0 +2.847803582e+02 +2.818103582e+02 +2.818103582e+02 -5.0865e-02 +7.1747e-01 -3.3099e-01 -1.4419e+00 +9.0935e-01 -9.1104e-01 +1.0068e+00 +3.2814e+00 -2.1389e+00 -1.5466e+00 -2.8495e+00 -3.6802e+00 -2.5808e+00 +7.2735e-02 -3.4290e-01 +6.8512e-01 +7.7743e-01 +2.7366e+00 +2.3121e+00 -1.9614e-01
724 0 +2.527711423e+02 +2.498011423e+02 +2.498011423e+02 +2.2512e+00 -8.2615e-01 +6.1791e-01 +7.7575e-01 -1.1193e+00 -2.1250e+00 +2.7439e-02 -4.2943e-01 -7.0498e-01 -3.2065e+00 -2.5591e+00 -3.6726e-01 -4.2701e+00 +1.1806e+00 -4.9598e+00 +2.7939e+00 +1.3419e+00 -2.1118e+00 -1.4221e+00 +2.2018e+00
735 0 +1.270026276e+02 +1.240326276e+02 +1.240326276e+02 -1.3977e+00 +7.0637e-01 -2.5452e+00 -5.4662e-02 -2.7274e-01 +1.3112e+00 -1.2072e+00 +3.0428e+00 -5.2278e-01 +4.3216e-01 -4.7162e+00 +1.3074e+00 +2.8887e-01 +1.1922e+00 -1.0321e-01 -4.0338e+00 +3.2285e+00 +2.3210e+00 -6.5120e-01 +5.7694e-01
% f evaluations | g evaluations | best noise-free fitness - Fopt (2.996300000000e+02) + sum g_i+ | measured fitness | best measured fitness or single-digit g-values | x1 | x2...
1 0 +3.753016077e+05 +3.756012377e+05 +3.756012377e+05 -1.7642e+00 +6.1191e-01 +5.9161e-01 +1.6868e+00 +1.3656e-01 +1.0858e+00 -1.5270e+00 -8.7061e-01 +4.6083e-01 +5.6591e-01 -1.1785e+00 -6.2805e-02 -1.5323e+00 +1.2947e+00 +1.3443e-01 -2.9387e-01 +2.9000e-01 +4.2257e-01 +6.9935e-01 +1.3292e+00
7 0 +3.454307491e+04 +3.484270491e+04 +3.484270491e+04 -2.3427e-01 -1.4071e+00 +1.0630e+00 +2.7931e-02 +1.2691e+00 -4.0493e-01 -3.8416e-01 -1.3337e+00 +4.9364e-01 +1.9565e+00 +2.5632e+00 +1.6147e+00 +7.1191e-01 +1.0356e-01 +5.9122e-01 +1.4737e+00 +1.6854e+00 +1.2714e+00 -6.1741e-01 -8.6670e-01
19 0 +9.783572657e+02 +1.277987266e+03 +1.277987266e+03 -2.4806e-01 +2.3429e-02 -1.4995e+00 +4.1518e+00 +5.3383e-01 +6.5613e-01 +7.8928e-01 +4.6654e-01 -3.8477e-01 +2.0002e+00 -6.5876e-01 +4.4611e+00 -1.6592e+00 +2.4479e+00 -1.1354e+00 +5.5025e-01 +2.9537e+00 +2.2632e+00 +1.0289e+00 -1.6518e+00
217 0 +5.852962210e+02 +8.849262210e+02 +8.849262210e+02 -2.8840e+00 +5.3675e-01 -2.8070e-01 -5.6635e-01 -2.2207e+00 -1.9975e+00 -2.4021e+00 -2.3382e+00 +4.8031e+00 +4.1190e-01 +5.6973e-02 -9.7646e-01 -3.6833e+00 +1.7443e+00 +3.7972e+00 +1.9201e+00 -2.4388e+00 +1.9444e+00 -4.3882e+00 +1.8590e+00
251 0 +2.509004265e+02 +5.505304265e+02 +5.505304265e+02 +7.6438e-01 +2.2273e+00 +1.9423e-01 -3.7235e-01 +3.4415e-01 -6.2302e-01 +1.6020e+00 +3.1688e+00 -1.7388e+00 -3.6624e+00 -9.1538e-01 +2.4370e+00 -2.3130e+00 +3.0171e+00 +5.2130e-01 -2.3530e+00 +2.0805e+00 -1.5949e+00 +3.2066e-01 -4.0798e-01
857 0 +1.695215632e+02 +4.691515632e+02 +4.691515632e+02 +1.3238e+00 -2.0246e+00 +1.5885e-03 +1.5828e+00 +1.1795e+00 +2.5424e+00 +1.7184e-01 +4.6150e+00 +2.6960e+00 -1.9657e+00 -1.5554e+00 +4.6868e+00 -3.4212e-01 -3.1162e-01 -3.3907e+00 +3.8863e+00 +1.3628e+00 +1.4884e+00 -2.7267e+00 +1.7204e+00
1662 0 +1.603270834e+02 +4.599570834e+02 +4.599570834e+02 -1.5054e+00 -8.0607e-01 -1.2354e+00 -4.2390e+00 +4.0537e+00 +1.2091e+00 +5.7181e-01 -4.6533e-01 +2.8178e-01 -9.3793e-01 +3.3039e+00 -2.7485e+00 +1.5167e+00 -5.6810e-01 +2.8200e+00 +1.7152e+00 -1.6388e+00 -1.6485e+00 -9.3378e-01 +1.4618e+00
