% f evaluations | g evaluations | best noise-free fitness - Fopt (7.135000000000e+01) + sum g_i+ | measured fitness | best measured fitness or single-digit g-values | x1 | x2...
1 0 +6.208200414e+01 +1.334320041e+02 +1.334320041e+02 -1.0414e-01 -1.8516e+00 -8.9090e-01 +2.3782e-02 -1.4355e+00 +8.9023e-01 +9.6429e-01 -3.9837e-01 -7.8445e-02 +1.1215e+00 +4.0500e-01 -1.3551e+00 +2.9294e+00 +2.1924e-02 +9.2875e-01 -4.7946e-01 -1.8832e-01 -1.4430e-01 +1.8249e-01 -1.2346e+00
7 0 +6.194999371e+01 +1.332999937e+02 +1.332999937e+02 -7.7720e-01 +1.4561e+00 -6.7025e-01 +2.5855e-01 +1.0799e+00 +5.5110e-01 +4.1070e-01 -2.3339e-01 +1.2116e+00 +2.2792e-01 -9.2371e-01 +9.1395e-01 +3.4242e-01 +4.9975e-01 +7.3564e-02 +1.0271e+00 +2.9069e-01 -1.2032e+00 +6.4944e-01 +2.1986e+00
29 0 +3.613972514e+01 +1.074897251e+02 +1.074897251e+02 +1.2050e+00 +1.9621e-01 -6.9995e-02 -1.1416e+00 +2.5727e+00 +6.9006e-01 +2.9861e-01 +9.3490e-01 +1.4039e+00 -2.2705e+00 +1.5558e+00 +8.5652e-01 +1.2499e+00 -1.3631e+00 -3.3766e+00 +2.0598e-02 +7.5326e-01 +2.5043e+00 +1.9691e-01 -2.5455e+00
195 0 +3.228437778e+01 +1.036343778e+02 +1.036343778e+02 -1.5401e+00 -1.8286e+00 -1.8951e+00 +5.0793e-01 -2.9168e+00 -2.2929e+00 -4.1383e-01 +2.7944e-01 +1.5525e+00 -6.0218e-02 -3.9378e-01 +1.0232e+00 -4.0098e+00 +2.3403e+00 +2.1553e-01 +4.7477e+00 +1.6625e+00 +3.8611e+00 +3.2851e+00 -1.9358e+00
460 0 +2.859435602e+01 +9.994435602e+01 +9.994435602e+01 +5.7321e-01 -3.1426e+00 +1.0184e+00 +1.1931e-01 +1.7927e+00 -1.2448e+00 -2.5294e+00 +9.3095e-01 +1.0125e+00 +1.7971e+00 +2.2607e+00 +3.0702e+00 -4.5791e-01 -1.1349e+00 +2.1402e+00 +3.9656e-01 +1.9446e+00 +1.7581e-01 +1.9443e+00 +4.1402e+00
917 0 +2.336081676e+01 +9.471081676e+01 +9.471081676e+01 +5.3611e-01 +4.7094e+00 -1.5014e+00 +4.0039e+00 +1.1116e+00 +4.3361e+00 +4.4567e+00 +2.9251e+00 -1.6244e+00 -3.4241e+00 -2.4452e-01 +1.3196e+00 -3.7369e+00 -1.1369e+00 +1.0888e+00 -1.2468e-01 +1.0280e+00 +4.3890e-02 -1.1221e-01 +3.9871e+00
% f evaluations | g evaluations | best noise-free fitness - Fopt (-3.552200000000e+02) + sum g_i+ | measured fitness | best measured fitness or single-digit g-values | x1 | x2...
1 0 +6.466256491e+01 -2.905574351e+02 -2.905574351e+02 +5.0677e-01 +2.2817e-01 -4.2733e-01 -2.0351e-01 +9.9950e-01 +3.9786e-01 +1.3390e-01 +8.4513e-01 -8.6661e-01 +3.9916e-01 -2.1475e+00 -1.1423e+00 +3.2788e-01 +1.3182e+00 -4.7358e-01 -1.1802e+00 +1.3335e-01 +1.2673e+00 -9.7543e-01 +3.2506e-01
9 0 +5.799344853e+01 -2.972265515e+02 -2.972265515e+02 +6.7554e-01 -1.8843e+00 -1.6841e+00 -1.4187e+00 -7.5317e-01 -8.0136e-01 +5.7481e-01 -2.9409e-01 +7.5958e-01 +3.9272e-01 -4.4923e-01 -9.0160e-01 +1.4434e+00 +5.9070e-01 -5.5341e-01 +4.8346e-01 +6.6969e-01 -2.1566e+00 +5.0044e-01 -6.0657e-01
12 0 +4.595938520e+01 -3.092606148e+02 -3.092606148e+02 -5.1171e-01 +2.6204e-01 +6.9540e-01 +4.5494e-01 +1.2631e+00 -9.1297e-01 -7.6861e-01 +1.9711e+00 -2.2203e-01 +1.0416e+00 -2.2328e-01 -7.0718e-01 +5.1419e-01 -1.5308e-01 +1.0079e+00 -2.7001e-01 +6.5448e-01 -6.3907e-02 -9.2033e-01 -2.9472e-01
49 0 +4.543709223e+01 -3.097829078e+02 -3.097829078e+02 +3.0091e+00 -4.5088e-01 -2.1580e+00 +3.1061e-01 +2.0953e+00 -1.3227e+00 +2.9932e+00 -1.6662e+00 -3.7260e+00 -2.7503e+00 -3.1007e+00 -1.5684e+00 +2.1396e-01 +2.0612e+00 -2.1583e+00 +2.0740e+00 +7.6068e-01 -2.3149e-01 -7.5816e-01 -1.2033e+00
58 0 +4.346681429e+01 -3.117531857e+02 -3.117531857e+02 +1.3758e+00 -7.9668e-01 +4.4870e+00 -2.5814e+00 +1.0081e+00 +3.2001e+00 -1.1924e+00 -2.0007e+00 -2.6521e+00 -3.3279e+00 +3.0338e+00 -8.1032e-02 -2.2056e+00 +2.4241e+00 -2.3156e+00 +3.2476e+00 +1.0513e+00 +6.5032e-01 -1.1887e+00 +8.6831e-01
75 0 +3.315206233e+01 -3.220679377e+02 -3.220679377e+02 +1.0420e+00 -2.0966e+00 +2.4923e+00 -4.0194e+00 -1.2654e+00 -6.3959e-01 +2.2800e+00 -3.1399e+00 -6.0446e-01 +1.4488e+00 -1.9507e-01 +2.8846e+00 +1.4543e+00 +1.3871e+00 -4.4425e-01 +8.0342e-01 -1.1705e-01 +1.7955e+00 -2.2200e+00 -2.0606e+00
323 0 +2.145650060e+01 -3.337634994e+02 -3.337634994e+02 -1.8503e+00 +4.2170e-01 +1.7204e+00 +2.5186e+00 +4.2270e+00 -2.4806e+00 +1.1562e+00 -8.2066e-01 +2.8497e-01 +1.2062e+00 +1.7854e+00 -8.2262e-02 +1.4874e+00 -2.1555e+00 -4.2102e-01 +9.1355e-01 +2.2718e+00 +1.7215e+00 -2.1812e-01 -1.6489e+00
1871 0 +1.672823345e+01 -3.384917666e+02 -3.384917666e+02 -1.3591e+00 -6.1300e-01 +1.2446e+00 -2.7584e+00 -4.7648e+00 -4.8265e-01 -3.0039e-01 -6.3205e-02 +2.5424e+00 -6.3726e-01 +1.9955e+00 -1.0716e-01 -2.9808e+00 -2.2873e+00 -2.6912e-01 +1.2200e+00 +1.1312e+00 -2.7497e+00 +1.9491e+00 -4.4749e-01
% f evaluations | g evaluations | best noise-free fitness - Fopt (9.917000000000e+01) + sum g_i+ | measured fitness | best measured fitness or single-digit g-values | x1 | x2...
1 0 +1.066438932e+02 +2.058138932e+02 +2.058138932e+02 +3.6741e-02 +7.7539e-01 -5.2761e-01 +3.0457e-01 +1.0608e-01 -2.1852e-01 -1.2578e+00 +1.5019e+00 -6.4196e-01 -6.3139e-01 +6.7768e-01 -1.1248e+00 -4.8831e-01 -1.5914e+00 -6.8190e-01 -1.1410e+00 +3.5564e-01 +5.4928e-01 -3.7057e-01 -7.3987e-01
2 0 +9.566778965e+01 +1.948377896e+02 +1.948377896e+02 -3.1151e-01 -1.4748e-01 +9.2745e-01 -1.9086e+00 +1.2967e-01 -2.5722e-01 +3.6409e-01 -2.3903e-01 +1.4842e-01 -2.9765e-01 -1.9847e-01 +1.0612e+00 +1.1529e-01 -1.0367e+00 +1.1572e+00 -7.5130e-01 +7.1179e-01 -1.9754e-02 +2.9216e-01 -2.0837e+00
4 0 +7.096292800e+01 +1.701329280e+02 +1.701329280e+02 -1.8317e-01 +1.5746e+00 -2.3419e-01 +1.8015e+00 +2.6385e+00 -2.9461e+00 -4.8034e-01 +8.2821e-01 -2.3270e-01 -1.1969e-01 -8.1996e-01 +1.2621e+00 -5.6337e-01 -1.2659e+00 +9.9739e-01 +9.6626e-01 -1.0180e+00 -1.7020e+00 -3.0225e-01 -1.5866e+00
5 0 +6.727920814e+01 +1.664492081e+02 +1.664492081e+02 -1.0003e+00 -7.7952e-01 -9.8041e-01 -1.3872e+00 -4.3248e-01 +8.9438e-01 +6.7214e-01 -2.0296e-01 -2.6968e-01 -1.9187e+00 -3.8616e-01 +1.8273e-01 -2.5776e-01 +1.7016e+00 +3.4329e-02 +3.8050e-01 +6.6632e-01 +6.5262e-01 -8.4450e-02 -1.2394e+00
13 0 +6.450923003e+01 +1.636792300e+02 +1.636792300e+02 -3.3859e+00 +1.9924e+00 +4.2296e+00 -2.4968e+00 +7.3811e-01 +4.4745e+00 -1.3564e+00 +3.1215e+00 -2.9073e+00 +5.3725e-01 +4.5497e-01 -1.1745e+00 +2.5329e+00 -2.5534e+00 +2.4101e-01 +1.1711e+00 -3.5765e+00 -5.5668e-01 +1.4071e+00 +4.0658e-01
17 0 +3.323577638e+01 +1.324057764e+02 +1.324057764e+02 -4.4789e+00 +3.3462e+00 +2.6912e+00 -3.1885e+00 +1.0043e+00 +3.0392e+00 -8.1184e-01 +2.0138e+00 -3.8311e-03 -4.8326e-01 -1.1545e-01 -7.5861e-01 +4.2293e+00 -1.6853e+00 -8.9354e-02 +2.1394e+00 -2.8856e+00 -1.4549e+00 +5.7776e-01 -1.4797e+00
448 0 +3.169075620e+01 +1.308607562e+02 +1.308607562e+02 -4.1290e+00 -7.3277e-01 -2.4178e+00 -1.9614e-01 -6.3331e-01 -1.6461e-01 +2.1128e+00 +2.4854e+00 -1.2771e+00 +7.7246e-01 +1.7505e+00 +1.4603e+00 +2.2471e+00 +1.5945e-01 -9.1817e-01 -2.1520e+00 +1.2472e+00 +1.2965e+00 -3.6293e+00 +9.7733e-01
963 0 +2.794664421e+01 +1.271166442e+02 +1.271166442e+02 +3.5543e+00 +1.2177e+00 -1.8015e+00 +3.5096e+00 +4.7132e-02 -4.0564e+00 +2.4646e+00 +1.3041e+00 +1.2648e+00 +3.3048e-01 +1.4363e+00 -9.0241e-01 -2.2696e+00 -2.1424e+00 +3.3568e-01 -3.0013e+00 -6.5369e-01 -1.2045e+00 +1.8831e+00 +3.2433e+00
% f evaluations | g evaluations | best noise-free fitness - Fopt (-5.179100000000e+02) + sum g_i+ | measured fitness | best measured fitness or single-digit g-values | x1 | x2...
1 0 +7.079448625e+01 -4.471155137e+02 -4.471155137e+02 +1.1154e+00 -6.2633e-01 -5.6594e-01 +6.6449e-01 +1.3525e+00 -1.7116e+00 -7.3161e-02 -5.4431e-01 -2.0879e+00 -9.3127e-01 -1.7634e-01 +5.7285e-01 -1.6299e-01 -1.6144e+00 +3.4097e-01 -1.8091e+00 +1.4042e+00 -1.7012e+00 -1.1050e+00 -1.2847e+00
8 0 +5.492431078e+01 -4.629856892e+02 -4.629856892e+02 +4.5811e-01 -4.3889e-01 +1.6084e-01 +1.4592e+00 +6.5275e-01 -9.1327e-01 -3.4721e-01 -2.6108e-01 -2.2062e+00 -2.8365e-01 +1.7327e+00 +1.0110e+00 -3.5000e-01 -1.0275e+00 +9.4332e-01 +6.1560e-02 +4.4130e-01 +1.8479e+00 -3.8425e-01 -1.7261e-01
12 0 +4.919869757e+01 -4.687113024e+02 -4.687113024e+02 +1.1202e+00 -3.4725e-01 -9.1956e-02 -1.6286e+00 -8.8112e-01 +2.6077e-01 -1.4824e-01 +7.2302e-01 +1.4193e-01 -1.3288e+00 -1.5141e+00 +8.4507e-02 -6.6449e-01 +4.8209e-01 +8.5084e-01 +7.2076e-01 -5.0498e-01 -1.3089e+00 -1.0949e+00 +1.0471e+00
24 0 +4.063345265e+01 -4.772765474e+02 -4.772765474e+02 -3.3667e+00 -1.6518e+00 -1.0622e+00 -3.7350e+00 +3.6813e+00 -5.4520e-03 +1.0972e+00 +1.1198e+00 +6.2210e-03 +3.6917e+00 +4.7241e-02 -2.8070e+00 +4.1675e-01 +4.7363e+00 +4.0283e-01 -2.6283e+00 +8.0070e-01 -2.8190e+00 +3.3331e+00 -1.3866e+00
59 0 +3.338217037e+01 -4.845278296e+02 -4.845278296e+02 -7.3813e-01 -1.5890e+00 +2.6249e-01 +2.4375e+00 +9.7310e-01 +2.9046e+00 +2.2763e-02 +2.5853e+00 +1.8275e+00 +1.0051e+00 +1.2708e+00 -9.2871e-01 +9.0358e-01 -4.1825e+00 +1.2887e-01 +2.1394e+00 +1.7069e+00 +1.0914e+00 +2.2241e+00 -8.8580e-01
128 0 +3.149907949e+01 -4.864109205e+02 -4.864109205e+02 -1.5049e+00 -2.1293e+00 -1.1931e+00 -1.4423e+00 +2.5126e+00 +1.8114e-01 +2.2164e+00 +1.1837e+00 +1.3377e+00 +3.2044e+00 +1.3549e+00 +1.4170e+00 +4.8080e+00 -3.9068e+00 +3.5511e+00 +2.4462e+00 -2.9279e+00 +5.3738e-01 +2.8570e+00 +2.7367e+00
251 0 +3.024708671e+01 -4.876629133e+02 -4.876629133e+02 -8.3407e-01 +6.2174e-01 -1.5619e+00 +2.1480e+00 +1.9787e+00 +3.1523e+00 +5.5796e-01 +4.0603e+00 -2.2615e+00 +7.4990e-01 -2.3255e+00 +1.7442e+00 +2.7103e+00 -1.2382e+00 +1.8960e+00 -3.1682e+00 -1.3024e+00 +3.5507e-01 -3.4353e+00 +4.5522e+00
1748 0 +2.983937565e+01 -4.880706243e+02 -4.880706243e+02 -3.0102e+00 -2.5200e+00 -6.6440e-01 +2.7270e+00 +3.3743e+00 +1.3163e+00 +3.5300e+00 +2.9725e+00 +6.5015e-01 +9.1034e-01 -3.0218e+00 -4.2366e+00 -2.0275e+00 -3.4101e+00 -2.5923e+00 -1.8883e-01 +2.3121e+00 -2.2825e+00 -8.9585e-01 -3.6418e+00
% f evaluations | g evaluations | best noise-free fitness - Fopt (-5.721000000000e+01) + sum g_i+ | measured fitness | best measured fitness or single-digit g-values | x1 | x2...
1 0 +6.613884287e+01 +8.928842868e+00 +8.928842868e+00 +8.6264e-01 +1.3167e+00 -2.7346e+00 -3.5539e-01 +1.3313e+00 -5.4452e-01 +3.4917e-03 +3.9922e-01 -7.7145e-01 -4.0237e-01 +1.0520e+00 -9.9811e-02 -3.9544e-01 +7.1135e-02 +2.7533e-02 -6.9260e-01 -8.1212e-02 -1.2438e+00 -1.1043e-01 +5.8441e-01
5 0 +6.320881698e+01 +5.998816981e+00 +5.998816981e+00 -4.0181e-01 +2.3533e+00 +8.4280e-01 -1.0900e+00 +7.2903e-01 +1.0157e+00 -1.4741e+00 -2.7513e-01 +2.2619e-02 +4.9809e-01 -5.7284e-01 +2.5314e-01 +9.1061e-01 +6.8082e-01 +4.2198e-02 -8.7271e-01 -8.4966e-01 -1.6640e-01 +1.1102e-01 -2.1673e+00
6 0 +3.338385109e+01 -2.382614891e+01 -2.382614891e+01 +4.1521e-01 +1.9667e-01 +1.1439e+00 -1.4199e+00 +4.8579e-01 +1.6105e+00 +1.0037e-01 -7.5538e-01 -1.7522e+00 -7.4907e-01 -3.0144e-02 -2.0851e+00 -7.0990e-01 +1.7843e-02 -8.6509e-01 -9.0619e-01 -1.7384e+00 -1.7839e+00 +1.7566e+00 -9.9354e-01
222 0 +2.391515245e+01 -3.329484755e+01 -3.329484755e+01 +2.6052e+00 +2.2608e+00 +3.6173e-01 +1.9400e-01 +8.5349e-01 -1.2076e+00 -2.4674e+00 -2.2549e+00 -6.9130e-01 +4.4852e+00 -1.4212e+00 +5.1307e-01 -2.3932e+00 -3.4646e-01 +6.5041e-02 -7.3430e-01 -4.2451e-01 -3.3250e+00 -1.7816e+00 -4.2093e-01
% f evaluations | g evaluations | best noise-free fitness - Fopt (6.626000000000e+01) + sum g_i+ | measured fitness | best measured fitness or single-digit g-values | x1 | x2...
1 0 +5.799633153e+01 +1.242563315e+02 +1.242563315e+02 +3.5422e-01 -1.6358e+00 -1.4200e-02 +8.0420e-01 +6.6589e-02 +3.8062e-01 +2.3539e-01 +6.2101e-01 -6.2753e-01 -8.9520e-02 +1.1119e-01 -5.3626e-01 +1.4099e+00 -1.3537e+00 +1.0896e+00 -2.5552e-01 +1.3325e+00 -6.5353e-01 -9.9961e-01 +1.1595e+00
24 0 +5.147982520e+01 +1.177398252e+02 +1.177398252e+02 -7.3227e-01 +2.8717e+00 +7.1633e-01 +1.5191e+00 -1.7707e+00 -1.1807e+00 -3.7296e-01 +6.3428e-01 +3.4330e-02 +5.3240e-01 -3.1321e+00 -5.1863e-01 -1.6307e-01 -2.3323e+00 +7.3202e-02 -2.4545e+00 -2.3198e-01 +1.4558e+00 +2.4680e+00 -2.8639e+00
33 0 +4.966914323e+01 +1.159291432e+02 +1.159291432e+02 +1.0032e+00 -5.1290e-02 -1.4104e+00 +1.9591e+00 +2.8929e+00 +1.3150e+00 -2.2279e-01 +2.5262e+00 +2.0184e+00 +2.4586e+00 +4.7626e+00 -2.0075e+00 -4.4282e+00 +1.4035e+00 -9.9523e-01 -2.1803e+00 +2.1408e+00 -9.1299e-01 +2.1906e+00 -1.3560e+00
55 0 +4.083937106e+01 +1.070993711e+02 +1.070993711e+02 +2.9659e+00 +3.6400e-01 +3.9303e-01 +4.2568e-01 -1.1058e+00 +3.7881e-01 -3.7811e+00 -4.0987e-01 -4.4124e+00 +8.6636e-01 +3.0670e+00 +1.5925e-03 +3.3940e+00 +4.2156e-01 -5.1822e-01 +1.0649e+00 +1.4503e+00 +1.5472e+00 -1.2584e+00 -1.2841e+00
95 0 +3.918349711e+01 +1.054434971e+02 +1.054434971e+02 -9.2071e-01 -3.4644e+00 +3.4421e-01 +2.2647e+00 +6.3798e-01 +1.5882e+00 -1.2000e+00 +5.4673e-01 +2.3673e+00 +5.4627e-01 -2.7036e+00 +2.4757e+00 +7.2156e-01 -1.9097e-01 -4.1285e+00 -2.8885e+00 +3.0675e+00 +1.5495e+00 +1.0916e+00 +4.4080e+00
200 0 +3.400221538e+01 +1.002622154e+02 +1.002622154e+02 -9.3278e-01 +9.6663e-01 +2.4997e-01 -4.1760e-01 -6.2169e-01 +1.7892e+00 +2.4242e-01 -1.0724e+00 -2.6695e+00 -2.4665e+00 +3.0652e-02 -2.8435e-01 +1.0245e+00 +1.0505e+00 -3.0302e+00 -8.0358e-01 +1.9351e+00 -2.1075e+00 -3.7009e+00 +2.0332e+00
273 0 +3.282425787e+01 +9.908425787e+01 +9.908425787e+01 -2.0890e+00 -1.5822e+00 -2.7208e+00 +3.7113e+00 +2.1082e-01 +1.3671e+00 -9.7407e-01 -4.2590e+00 +1.8692e+00 +7.8762e-01 +8.3900e-01 -6.5860e-01 +3.6632e+00 -1.9897e+00 +2.5625e+00 -5.7973e-02 -2.3776e+00 -2.8505e+00 -3.4026e+00 +1.6616e+00
712 0 +2.936340138e+01 +9.562340138e+01 +9.562340138e+01 -4.9179e-01 -3.9368e-01 -1.4016e+00 -4.2669e+00 -6.0856e-01 +9.7704e-01 -3.4933e+00 -9.1975e-01 -1.5290e+00 +3.7281e+00 +1.2909e+00 -1.3770e+00 -2.5504e+00 -1.1380e+00 +7.0502e-01 -3.8056e+00 +2.9321e+00 -1.1739e+00 -6.7398e-01 +5.7494e-01
1055 0 +2.753588608e+01 +9.379588608e+01 +9.379588608e+01 +2.8163e+00 +7.1284e-01 -3.9185e+00 +2.5969e+00 -4.8809e+00 -6.2155e-01 -1.9813e+00 +1.4948e+00 -2.7766e+00 -6.5997e-01 +9.4403e-01 +3.5367e+00 +7.8431e-02 -7.4706e-01 +3.4848e-01 +5.2822e-01 +2.0709e-01 -3.5935e+00 -4.4089e+00 +1.9466e+00
% f evaluations | g evaluations | best noise-free fitness - Fopt (-1.386200000000e+02) + sum g_i+ | measured fitness | best measured fitness or single-digit g-values | x1 | x2...
1 0 +1.381182911e+02 -5.017089156e-01 -5.017089156e-01 -4.7913e-01 +1.1117e-01 -7.6090e-02 +1.3018e+00 +7.5288e-02 -5.5618e-01 +7.5660e-01 +1.4428e+00 -1.2592e+00 +2.5181e-01 +5.4266e-01 -4.8959e-01 +4.4888e-01 +4.7835e-01 +5.9942e-01 -1.9970e+00 -1.7152e+00 -6.0900e-01 -6.4327e-02 -3.9255e-01
2 0 +1.187732752e+02 -1.984672483e+01 -1.984672483e+01 -9.6431e-01 +5.1506e-01 -1.3993e-01 +9.2346e-01 -8.6263e-01 +2.2115e+00 +2.2767e+00 +2.5210e-01 +1.0180e-01 -4.8341e-01 -2.7205e+00 -8.4999e-01 +2.7338e-01 +4.2237e-01 -2.2703e-01 +6.6266e-01 -3.9624e-01 -9.8023e-01 -7.7159e-02 -1.1344e-01
4 0 +1.135045515e+02 -2.511544850e+01 -2.511544850e+01 -1.1806e-01 -5.9737e-01 +9.2862e-01 -1.7765e-01 +1.3972e+00 +5.9393e-01 +7.5799e-01 -4.8896e-01 -5.2283e-01 +8.1330e-01 -3.4462e-01 -8.7057e-01 -1.5388e+00 +3.0575e-02 -2.4836e-01 +8.6562e-01 +2.1409e-01 -2.5799e-01 -6.1925e-01 +1.1608e+00
6 0 +6.880276311e+01 -6.981723689e+01 -6.981723689e+01 -4.8751e-01 -1.5203e+00 -6.0428e-02 +1.1829e+00 +2.3483e+00 -1.3427e+00 -4.4485e-01 -2.3964e-01 +7.5814e-01 -6.1111e-01 -1.3355e+00 -5.1816e-01 -9.6990e-01 -7.4068e-01 +1.0575e-01 -2.0089e-01 +3.1241e-01 -6.3216e-01 -1.3422e-01 -1.7449e+00
12 0 +6.029849717e+01 -7.832150283e+01 -7.832150283e+01 +1.3790e+00 -2.4736e+00 -7.5420e-01 -4.9454e-02 -2.6122e-01 +1.5333e-01 +3.8090e-01 -2.3802e+00 +3.9145e-01 +5.3728e-01 +7.3483e-01 -1.3027e+00 +2.6752e-01 +1.5201e+00 +7.2268e-01 -2.5569e+00 +1.9669e+00 -1.8407e-01 +8.9397e-01 +1.9308e+00
21 0 +5.881977081e+01 -7.980022919e+01 -7.980022919e+01 +2.3275e+00 -1.3940e+00 +1.4765e+00 -2.5885e+00 -3.5834e-01 +4.1536e+00 +3.0733e-01 -1.0409e+00 +9.7979e-01 -3.1577e-01 -3.8114e+00 +1.1012e+00 +9.9284e-03 -1.0144e+00 -4.4864e+00 +1.9625e+00 -3.3826e+00 -3.1888e+00 -4.1187e+00 +7.4151e-01
22 0 +4.801679535e+01 -9.060320465e+01 -9.060320465e+01 +3.6085e+00 -1.8230e+00 +1.0303e+00 -3.8845e+00 +3.0277e-01 +1.9611e+00 +1.1231e+00 +1.7202e+00 +7.4633e-01 -9.5741e-01 -3.6073e+00 +2.2778e+00 -1.5994e+00 -2.0989e+00 -3.0366e+00 +1.6073e-01 -3.4642e+00 -3.9326e+00 -1.6673e+00 +1.2927e+00
77 0 +4.288636279e+01 -9.573363721e+01 -9.573363721e+01 +2.8853e+00 -3.6081e+00 -2.9149e+00 -9.5457e-01 -3.0676e+00 +4.9998e+00 +9.0421e-01 -1.8829e+00 -1.6289e+00 +6.6152e-01 +1.7535e+00 +2.5019e+00 +3.3652e+00 +2.3494e+00 -1.5272e+00 -1.4142e-01 +3.0206e+00 +3.3087e+00 -1.2975e+00 -2.0601e+00
150 0 +3.960919798e+01 -9.901080202e+01 -9.901080202e+01 -3.7298e-01 +1.8913e+00 -1.3078e+00 +5.2394e-02 -2.1974e+00 +2.5692e-01 +1.0623e+00 +2.5932e+00 -1.7672e+00 -1.9630e+00 -2.0794e+00 +1.1149e+00 +1.4910e+00 -3.9437e+00 -4.0887e+00 +2.7264e+00 -9.2641e-01 +6.4255e-02 -2.6220e+00 +1.8252e+00
286 0 +3.666375997e+01 -1.019562400e+02 -1.019562400e+02 -1.8978e+00 -6.2132e-01 +4.0465e+00 -6.1191e-01 -7.3023e-01 +1.7055e+00 -8.9198e-01 -2.3833e+00 +1.5021e+00 -4.4281e-01 -2.4411e+00 +2.9594e+00 +1.3452e+00 -1.8452e+00 -2.6338e-01 +7.3683e-01 -2.0359e+00 +9.2255e-01 -1.9679e+00 +5.0129e-01
701 0 +3.246989857e+01 -1.061501014e+02 -1.061501014e+02 -1.0765e+00 -3.3261e+00 -8.8199e-01 +2.5925e+00 +7.8715e-01 -2.9752e+00 -2.7479e-01 -1.8642e+00 +3.2023e+00 -2.4176e+00 +1.4917e+00 +8.5784e-01 +4.3591e+00 +1.2893e+00 +1.2519e+00 +2.7819e+00 -6.4094e-01 -1.1221e+00 -1.7990e+00 -1.6433e+00
1179 0 +2.997485292e+01 -1.086451471e+02 -1.086451471e+02 +6.1235e-01 -2.7440e+00 -1.3353e+00 +5.8318e-01 +3.9880e+00 +9.2972e-01 +1.0819e+00 -2.1877e+00 +2.6081e+00 +3.2978e+00 +1.8641e+00 -2.4277e+00 +1.5163e+00 +4.1005e-01 -3.7170e+00 -1.5574e+00 +3.8827e+00 +1.2497e+00 -2.6597e+00 +2.4307e-01
% f evaluations | g evaluations | best noise-free fitness - Fopt (7.313900000000e+02) + sum g_i+ | measured fitness | best measured fitness or single-digit g-values | x1 | x2...
1 0 +8.350925532e+01 +8.148992553e+02 +8.148992553e+02 -9.6699e-01 +1.7354e+00 -9.7724e-01 +1.5779e+00 +1.3578e+00 +3.7370e-01 +7.6135e-02 -1.4948e+00 -3.8454e-01 +9.5372e-01 -1.3688e+00 +2.6023e-01 -1.6293e+00 +1.6379e+00 +3.7925e-01 -2.4021e-01 -6.8104e-02 -3.4832e-02 -8.3497e-01 +8.0715e-01
3 0 +7.997829431e+01 +8.113682943e+02 +8.113682943e+02 -6.6998e-02 +5.1210e-02 -4.9251e-01 -1.2837e+00 -2.0761e-01 +9.1606e-01 -3.3862e-01 -8.6272e-01 +3.9237e-01 +2.8826e-01 -4.0618e-01 -1.3959e+00 -1.4471e+00 -6.3825e-01 -1.4586e+00 +7.0586e-01 +1.3446e-01 -1.6491e-01 -3.6729e-03 +4.3177e-01
5 0 +6.102248791e+01 +7.924124879e+02 +7.924124879e+02 -1.5161e-01 -1.2063e+00 -9.5036e-01 -3.9174e-01 -1.2881e+00 -1.7300e+00 -1.4271e+00 +2.9804e-02 +1.4124e+00 +6.5119e-01 +5.8919e-01 +5.6591e-01 +1.9210e-01 -1.4823e+00 +3.3574e-01 -8.0927e-01 +1.0850e+00 -8.0587e-01 +1.8446e+00 -2.2057e-01
6 0 +5.722332535e+01 +7.886133254e+02 +7.886133254e+02 -7.3962e-01 -4.3864e-01 +1.8024e+00 +1.3306e-01 -5.1284e-02 -5.8524e-01 +1.5535e+00 -2.4567e-01 -1.3588e+00 +1.1906e+00 +5.0474e-02 +2.4464e-01 -4.4369e-01 -1.1006e+00 +2.0188e+00 +3.6204e-01 +4.3616e-02 +8.7599e-01 -1.4297e+00 +1.9844e+00
9 0 +5.435626918e+01 +7.857462692e+02 +7.857462692e+02 -3.9915e-01 -6.4390e-01 -1.6145e-01 +1.5398e+00 -9.2956e-01 -3.9886e-01 -5.1375e-01 +1.4511e+00 -1.5561e+00 -3.5533e-01 +7.1609e-01 +3.0115e-01 +3.5122e-01 -8.2343e-01 -7.5497e-01 +4.6839e-01 +1.3427e+00 +8.1604e-01 +2.3803e-01 +6.6894e-01
17 0 +3.351164701e+01 +7.649016470e+02 +7.649016470e+02 +2.8388e+00 +6.2298e-01 +1.1033e+00 -3.9998e-01 -3.6698e+00 +8.7754e-01 +3.2232e+00 -3.6186e-01 -3.0781e+00 +2.4762e+00 -7.7371e-01 +1.2386e+00 +2.6372e+00 -1.8469e+00 -3.6892e+00 -3.4621e+00 -1.4901e-01 +1.3088e+00 -5.2734e-01 +3.7012e+00
468 0 +3.188997130e+01 +7.632799713e+02 +7.632799713e+02 +3.2893e-01 +1.8384e+00 -5.7910e-01 -5.4776e-01 -1.0071e+00 -1.3212e+00 -8.7684e-01 -7.1490e-01 +1.1173e+00 -1.8745e+00 +1.8612e+00 +3.2289e+00 +1.2334e+00 +2.3587e+00 -7.7533e-02 +3.5815e-02 -1.8783e+00 -3.5230e+00 +1.6102e+00 +2.2825e+00
1135 0 +3.075819234e+01 +7.621481923e+02 +7.621481923e+02 -1.4505e+00 -8.7019e-01 +6.5071e-01 +1.6745e+00 +2.1959e+00 -1.5276e+00 -7.7094e-01 -2.3403e+00 -2.2397e+00 -3.0327e+00 -1.1147e+00 -1.3592e-01 -2.9587e+00 -1.4217e+00 +6.1798e-01 -1.4824e+00 +9.7017e-01 -1.6340e+00 -2.1287e+00 -1.3975e+00
% f evaluations | g evaluations | best noise-free fitness - Fopt (7.526000000000e+01) + sum g_i+ | measured fitness | best measured fitness or single-digit g-values | x1 | x2...
1 0 +7.139389457e+01 +1.466538946e+02 +1.466538946e+02 -3.5538e-01 +8.3290e-01 -6.1865e-01 -1.5991e+00 -1.3699e+00 +2.1530e-01 +1.2321e+00 -9.0248e-02 -8.5650e-01 +1.6250e+00 -8.9859e-02 -1.5106e-01 -7.4101e-01 -5.8364e-01 +1.9677e+00 +1.5830e+00 -2.2276e+00 -1.0682e+00 -3.5064e-01 +1.8014e+00
2 0 +5.404933730e+01 +1.293093373e+02 +1.293093373e+02 +2.2519e-01 -1.0870e+00 -2.0789e-03 +5.5841e-01 -3.8600e-01 -3.0646e+00 -1.3902e+00 +1.1965e+00 +7.1706e-01 -1.1719e+00 +1.6428e+00 -1.3626e+00 -1.4187e+00 +1.8922e+00 -1.1103e+00 -2.0011e+00 +1.7677e-01 -1.7045e-01 +1.9979e+00 +6.9533e-01
4 0 +4.932132360e+01 +1.245813236e+02 +1.245813236e+02 +2.8356e-01 -1.2572e+00 -5.9846e-01 +9.1737e-02 -2.0140e-01 -5.2692e-01 -1.0756e+00 -4.6915e-01 -1.5381e-01 -1.4864e+00 +1.0985e+00 -8.4245e-01 +3.9719e-01 +1.6441e+00 +1.4587e-01 +1.2528e+00 -1.6763e+00 -8.4355e-01 -9.8876e-01 -2.1652e+00
43 0 +3.776020120e+01 +1.130202012e+02 +1.130202012e+02 -6.2455e-01 +5.2807e-01 +1.2929e+00 +7.5548e-01 -2.2479e+00 -1.1905e+00 +1.8449e+00 +1.6809e-01 -1.3763e+00 -3.4455e-02 +2.9491e+00 -2.5188e+00 -1.1489e+00 +1.1189e+00 +2.6031e+00 -1.1140e+00 +4.7643e+00 -1.6527e+00 +1.5400e+00 -4.1266e-01
49 0 +3.431551779e+01 +1.095755178e+02 +1.095755178e+02 -1.2057e+00 -2.2942e+00 +2.2085e-01 -5.6494e-01 -1.6241e+00 +1.4826e-02 +3.9419e+00 +2.6592e+00 +2.1375e-01 -1.6369e-01 +2.0210e+00 -2.2655e+00 -3.1715e+00 +1.5661e-01 +7.6576e-01 -5.9700e-01 +2.7441e+00 +3.4064e-01 +7.1024e-01 -8.1332e-01
410 0 +3.264319800e+01 +1.079031980e+02 +1.079031980e+02 -3.4523e+00 -2.5768e+00 +9.3771e-01 +4.1397e+00 -1.4891e+00 -4.0429e-01 +1.2565e-01 -1.8667e+00 -2.8840e+00 +1.7984e-01 -2.8619e+00 +4.7023e+00 +8.6289e-02 -1.6336e-01 +5.1027e-01 +1.7388e+00 +2.7954e+00 +2.9531e+00 -1.3887e+00 +5.6830e-02
783 0 +2.665770906e+01 +1.019177091e+02 +1.019177091e+02 -2.3821e+00 -3.2067e+00 -1.2250e+00 -3.4255e+00 -9.9263e-01 +1.7602e+00 +8.6982e-01 +4.3727e-01 +1.8296e+00 +2.6307e-01 +1.3826e+00 +1.1814e+00 -2.7612e+00 -8.9785e-01 +2.1792e+00 +3.5268e-01 +1.2239e+00 +2.5904e-01 +2.4088e+00 -4.9640e+00
1380 0 +2.281440411e+01 +9.807440411e+01 +9.807440411e+01 +3.9030e+00 +1.6172e+00 +3.5523e+00 +2.5809e-01 -3.0355e+00 +3.4134e+00 +1.4488e+00 +6.0065e-02 +4.7637e+00 +2.2698e+00 -9.7865e-01 -7.9065e-01 -4.3472e+00 -2.3195e+00 +1.4846e-01 -2.9780e+00 -1.6810e+00 +8.2244e-01 -3.5649e+00 +1.4128e+00
% f evaluations | g evaluations | best noise-free fitness - Fopt (-4.913000000000e+01) + sum g_i+ | measured fitness | best measured fitness or single-digit g-values | x1 | x2...
1 0 +1.142033275e+02 +6.507332754e+01 +6.507332754e+01 -3.2780e-01 -1.1854e+00 -1.1576e+00 +1.4810e+00 -4.5922e-01 -1.0509e-01 -1.0223e+00 +7.3188e-01 -1.6151e-01 -1.8316e-01 +2.1606e+00 -3.9645e-01 +3.2858e-01 -4.5010e-01 +1.5953e-01 +8.1240e-02 -1.7158e+00 +1.3559e+00 -1.9663e+00 +8.9528e-01
2 0 +7.966708042e+01 +3.053708042e+01 +3.053708042e+01 +4.8237e-01 -5.2631e-03 -3.3827e-01 -1.8191e+00 -6.1287e-01 +2.3545e-01 +9.8889e-01 -1.1958e+00 -1.2086e+00 +2.3001e+00 +4.2485e-02 +2.4835e-01 -1.5193e+00 +1.8393e+00 -9.7046e-01 +6.1368e-01 -3.1442e-01 +2.2542e+00 -2.3830e+00 -6.8274e-01
4 0 +5.818531493e+01 +9.055314928e+00 +9.055314928e+00 -1.4984e-02 +1.4414e+00 +6.4414e-01 +1.0900e+00 +3.0046e-01 +1.5214e+00 +7.9557e-02 -1.2155e+00 -3.3104e-01 +3.9796e-01 +6.8072e-01 -1.6263e+00 +6.9094e-01 -5.3886e-01 +9.4496e-01 -2.2948e+00 +4.0562e-01 -1.1145e-01 +1.4456e+00 -1.3293e+00
10 0 +4.300619579e+01 -6.123804215e+00 -6.123804215e+00 +9.9025e-01 -1.1228e+00 -2.9736e-01 +8.7195e-02 +2.2126e+00 -3.2661e-01 -1.3782e+00 -3.6027e-01 -4.8752e-01 -5.0644e-02 -2.9042e-01 -3.3436e-02 -6.1415e-01 -2.7654e+00 -4.4203e-01 -5.8548e-01 +1.3933e+00 +7.9003e-01 -6.9241e-01 -4.6062e-01
91 0 +3.775481790e+01 -1.137518210e+01 -1.137518210e+01 +2.4471e+00 -1.9048e+00 +3.5256e+00 -2.1652e+00 +1.8380e-02 +1.8504e+00 +2.1218e+00 +3.8484e+00 +3.3822e+00 +8.5271e-01 +7.1648e-01 -5.8392e-01 +2.1073e+00 +3.4338e-02 +3.4682e+00 +3.1978e+00 +3.1768e+00 +1.3533e+00 +1.0583e+00 +9.6083e-01
347 0 +3.443722420e+01 -1.469277580e+01 -1.469277580e+01 +2.4193e+00 +2.2144e-01 +4.6636e-01 +3.4493e+00 -1.7698e+00 -2.2979e+00 +1.5199e+00 +8.3221e-01 -6.3592e-01 -7.8948e-02 +3.8639e-02 -2.1008e+00 -1.3474e+00 +1.7140e+00 +2.8826e+00 +7.3166e-01 +2.9318e+00 -3.0783e+00 -2.6587e+00 +2.5577e-01
749 0 +3.313844273e+01 -1.599155727e+01 -1.599155727e+01 -1.8989e+00 -6.0898e-01 +4.7019e+00 -1.5681e+00 -1.1014e+00 -2.1048e+00 -3.0566e+00 +2.0922e+00 -1.1317e+00 +2.5421e+00 +2.7562e+00 -2.7270e+00 +7.2920e-01 -7.5084e-02 -3.1217e-01 -9.4992e-01 -1.3335e+00 +1.2421e+00 -4.6929e+00 +1.0512e+00
764 0 +3.213940091e+01 -1.699059909e+01 -1.699059909e+01 +3.7606e+00 +1.4021e+00 -4.2289e-01 -2.5046e+00 +1.9502e+00 -1.0622e+00 -1.4403e+00 -7.1218e-01 -2.0649e+00 +1.4624e-01 -8.0890e-01 +1.1943e+00 +4.3919e-01 -2.5161e+00 +2.3385e-01 -2.5640e+00 -3.7565e-01 +2.4600e+00 -2.9899e+00 -1.2207e+00
1002 0 +2.803266104e+01 -2.109733896e+01 -2.109733896e+01 -3.3107e+00 -1.5670e+00 +2.6583e-01 +3.1700e-01 +4.4328e+00 -7.9747e-01 +7.2788e-01 -3.2896e+00 +1.5984e+00 -2.4805e+00 -2.9212e-01 -4.4405e-01 +1.5649e+00 +3.5785e+00 +2.0343e+00 -3.0871e+00 +2.7327e-01 -2.6019e+00 +1.8355e-01 -1.0281e+00
% f evaluations | g evaluations | best noise-free fitness - Fopt (-1.418900000000e+02) + sum g_i+ | measured fitness | best measured fitness or single-digit g-values | x1 | x2...
1 0 +5.781032858e+01 -8.407967142e+01 -8.407967142e+01 +1.0496e+00 -1.4842e+00 -1.5438e-02 -1.3648e-01 +3.6362e-01 +1.0363e+00 -1.5625e+00 +1.7080e+00 +1.8254e-01 +9.4156e-01 -1.0832e-01 -1.0020e+00 -7.2786e-01 +3.1983e-01 +6.1200e-01 -8.5188e-01 -1.7728e+00 -9.5576e-01 -1.5454e+00 -9.0460e-01
5 0 +5.321768410e+01 -8.867231590e+01 -8.867231590e+01 +5.1275e-01 +1.1394e-01 +1.2340e+00 -9.7645e-02 -2.2305e-01 +1.5657e+00 +2.3898e-02 +1.5770e-01 -1.0267e+00 -9.9356e-01 -1.4648e-01 +5.6406e-01 -3.0113e-01 +8.5455e-01 -2.2216e+00 -6.4286e-01 +1.6363e+00 +6.7049e-01 -8.5513e-01 +8.4263e-01
21 0 +3.584579192e+01 -1.060442081e+02 -1.060442081e+02 -2.8008e+00 +3.4461e+00 +4.8826e-01 +5.2789e-01 -2.8883e+00 -4.0643e-01 -4.4140e+00 -1.3662e+00 +4.6362e+00 -2.7287e+00 -1.0018e+00 -4.4841e+00 +1.0181e+00 -1.9600e+00 -2.8130e+00 -4.4542e+00 +8.6506e-01 +8.6879e-01 -2.5464e-01 -4.3807e+00
67 0 +2.951817513e+01 -1.123718249e+02 -1.123718249e+02 -3.8724e-01 +1.8022e+00 -1.4609e+00 -1.4910e+00 -8.9755e-02 +1.5761e+00 +1.2900e+00 -2.4628e-01 -2.8437e+00 -2.6585e+00 +2.7124e+00 +4.3448e+00 +3.3347e-01 +1.9529e+00 +3.2512e+00 -3.6490e+00 -2.8093e+00 +4.5845e-01 -2.3606e+00 -3.3099e+00
315 0 +2.940395918e+01 -1.124860408e+02 -1.124860408e+02 +5.3879e-01 +4.0321e+00 -3.4381e+00 +3.2347e+00 +2.5088e+00 -1.1866e+00 +2.8189e-02 +1.8712e+00 +4.3120e+00 -1.0805e+00 -3.0356e+00 +3.1872e+00 +7.2116e-01 -1.9697e+00 -1.3302e+00 -3.8178e+00 +1.0292e+00 +1.3924e+00 -2.3192e-01 -1.1589e+00
% f evaluations | g evaluations | best noise-free fitness - Fopt (1.095700000000e+02) + sum g_i+ | measured fitness | best measured fitness or single-digit g-values | x1 | x2...
1 0 +7.552159309e+01 +1.850915931e+02 +1.850915931e+02 -1.4974e+00 +2.3646e-02 +5.8380e-01 +1.0445e-01 -9.8098e-01 -8.3866e-02 +5.8534e-01 +6.8563e-01 -5.7106e-01 -5.8381e-01 +3.1938e-02 +8.6654e-01 -7.3724e-01 -1.1988e+00 -1.3771e+00 +1.7939e+00 -6.3363e-01 -4.1772e-01 -6.1283e-01 -1.0540e+00
2 0 +6.177462851e+01 +1.713446285e+02 +1.713446285e+02 +2.9174e-01 +7.7934e-01 -8.7409e-01 -2.0668e+00 +4.1428e-01 -4.9285e-01 +3.3493e-01 +1.5820e+00 +1.1151e+00 +2.0905e-01 -4.5925e-01 +3.6363e-01 +6.5880e-01 -3.9662e-01 -5.9524e-01 -1.3703e+00 +5.4721e-01 +1.1266e+00 +1.0771e-01 +1.2707e+00
8 0 +4.961041029e+01 +1.591804103e+02 +1.591804103e+02 +6.7182e-01 -1.1324e+00 -3.5151e-01 +5.1258e-02 -1.1044e+00 +2.7229e-01 +1.0131e+00 +3.8831e-01 -1.6150e+00 +1.5164e+00 -1.0532e+00 +1.3394e+00 +1.5948e-01 -1.7471e+00 +1.0076e+00 -3.5633e-01 +4.2704e-01 -4.0777e-01 +8.4761e-01 -4.8251e-01
20 0 +3.150475730e+01 +1.410747573e+02 +1.410747573e+02 +1.4203e+00 +1.0199e+00 +9.2871e-01 +1.1421e+00 -2.6060e+00 -9.8290e-02 -4.4633e-01 +4.5334e-01 -2.1978e-01 +2.6259e+00 -7.6652e-01 +1.3894e+00 +3.9208e+00 -1.7994e+00 -4.7685e+00 +4.9682e-03 +3.4611e+00 +3.0125e+00 +3.7647e-01 -1.4573e+00
963 0 +2.591784606e+01 +1.354878461e+02 +1.354878461e+02 -8.3004e-01 +2.8269e+00 -1.5466e-01 +4.6187e-01 +8.2430e-01 -1.5399e-01 +3.8442e+00 -7.3056e-01 -3.4393e-01 -2.8926e+00 +5.6751e-01 -3.2865e+00 +4.0856e+00 -1.9375e+00 -6.1084e-01 -2.1509e+00 +3.2472e+00 +1.8553e+00 -4.2572e-01 -1.9103e+00
% f evaluations | g evaluations | best noise-free fitness - Fopt (7.836000000000e+01) + sum g_i+ | measured fitness | best measured fitness or single-digit g-values | x1 | x2...
1 0 +9.112713723e+01 +1.694871372e+02 +1.694871372e+02 -2.6082e+00 +1.5732e+00 +1.0884e+00 -8.0650e-01 -7.4509e-01 -2.5432e-01 +2.1633e-01 +3.7919e-01 -7.8239e-01 +1.4885e-01 -3.8371e-01 -1.8467e+00 -6.9475e-01 +7.3311e-01 -1.0956e+00 -7.7960e-01 -1.9872e+00 +8.8697e-01 -3.9669e-01 +1.1656e+00
2 0 +7.679306486e+01 +1.551530649e+02 +1.551530649e+02 +2.4060e-01 -9.1397e-01 -1.3731e+00 -3.1345e-01 +6.9492e-01 -4.3181e-01 +2.4564e-02 -1.1687e+00 -3.0337e-01 +4.6004e-01 +1.1181e+00 +2.4457e-01 +5.7636e-02 +3.9047e-02 -1.4775e+00 +3.5549e-01 -7.2499e-01 -1.2482e+00 -1.8119e+00 -5.2990e-03
3 0 +5.661523695e+01 +1.349752370e+02 +1.349752370e+02 +3.1224e-01 +7.5911e-01 -1.0249e-01 -9.9424e-01 -8.0619e-02 -1.2095e+00 +2.2417e-01 -9.4112e-01 +3.8450e-01 +5.3110e-01 +1.0458e+00 -4.8305e-01 -1.6499e+00 -1.4790e+00 +1.6987e+00 +1.3851e+00 +1.4820e+00 +3.7244e-01 -6.9752e-01 +3.6992e-01
4 0 +3.006825634e+01 +1.084282563e+02 +1.084282563e+02 -1.6334e+00 +7.2552e-01 +1.5828e+00 +2.3202e+00 -2.5683e-01 +6.7782e-01 -2.6200e-01 -1.2920e+00 +6.6289e-01 -7.4603e-01 -4.3576e-01 +1.8531e+00 -9.8477e-01 +2.2076e-01 +9.4154e-01 +3.4610e-01 +3.6190e-01 +3.0316e+00 +1.7671e+00 -8.0584e-01
330 0 +2.678795023e+01 +1.051479502e+02 +1.051479502e+02 -3.4186e+00 +1.0103e+00 +2.2747e+00 -2.5260e+00 -1.1874e+00 +7.6405e-01 -1.4725e+00 -2.2813e+00 +8.6527e-01 -1.8264e+00 -5.4407e-01 +1.1315e+00 -3.2313e+00 +3.1918e-01 -1.3758e+00 +1.1186e+00 +1.3694e+00 +4.2936e+00 -8.8744e-02 +1.5203e+00
% f evaluations | g evaluations | best noise-free fitness - Fopt (1.140900000000e+02) + sum g_i+ | measured fitness | best measured fitness or single-digit g-values | x1 | x2...
1 0 +7.572637261e+01 +1.898163726e+02 +1.898163726e+02 +7.1403e-01 +4.4834e-01 -1.2066e+00 +6.4080e-01 +1.9822e+00 +2.1249e+00 -4.3259e-02 +1.8751e+00 -1.4487e+00 -3.8629e-01 +2.1448e+00 -3.4234e-01 -1.4398e+00 +5.4124e-01 +1.7133e-01 -7.2804e-01 -5.6131e-01 +3.1846e-01 +5.8255e-01 -8.3679e-01
4 0 +5.812370376e+01 +1.722137038e+02 +1.722137038e+02 +3.9478e-01 -1.0874e-01 +2.2617e-02 -2.4498e-01 +8.4799e-01 +1.1157e-01 +1.2107e-01 -2.7067e+00 -1.9421e-01 -9.7299e-02 +3.7883e-01 -4.2458e-01 +3.4277e-01 +3.6196e-03 +7.6858e-01 -1.7848e-01 +4.6308e-01 +5.7843e-01 -8.1095e-01 +8.9920e-01
8 0 +3.313234523e+01 +1.472223452e+02 +1.472223452e+02 -2.0445e+00 -2.8883e-01 +9.1746e-01 +1.0530e+00 +9.1197e-01 +4.8661e-01 +4.6091e-01 -4.8282e-01 +4.6613e-01 +6.4563e-01 -8.6628e-01 -3.0909e-01 +3.5584e-01 -5.6242e-01 -1.4794e+00 -1.0188e+00 +9.9414e-01 -1.2430e+00 +2.9893e-01 +3.8700e-01
563 0 +3.294034842e+01 +1.470303484e+02 +1.470303484e+02 -2.9785e+00 +2.2412e+00 +8.2413e-01 +1.4182e+00 +1.3892e+00 +1.5793e+00 -2.5470e+00 -2.1170e+00 +1.9180e+00 -1.3679e-01 -1.8501e+00 -4.4158e-01 +7.0285e-01 +2.9875e+00 -2.5175e+00 +2.0429e+00 -3.6598e+00 +3.3431e+00 -1.2465e+00 +2.2214e+00
1122 0 +3.195442535e+01 +1.460444253e+02 +1.460444253e+02 +2.1856e+00 +3.0227e+00 +2.1024e+00 +2.2851e-01 +4.7451e-01 -2.6497e+00 -1.2160e+00 -3.8883e-01 -2.1830e+00 +1.7461e+00 +2.3887e+00 +2.5623e+00 +2.8680e+00 +3.6231e+00 -4.9774e-01 +8.6354e-01 +1.9370e+00 -2.5552e+00 -7.4625e-01 -7.7316e-01
1377 0 +3.127544651e+01 +1.453654465e+02 +1.453654465e+02 +3.3720e+00 +4.9865e+00 +2.2606e+00 +1.7011e+00 -3.8311e-01 -8.4031e-01 +2.3116e+00 -4.7860e-01 +1.6041e+00 +3.4596e+00 -1.0704e+00 -1.0252e+00 +8.1870e-01 -7.7677e-01 -1.2511e+00 -2.7411e+00 -8.3415e-01 +4.1807e+00 +3.3037e+00 -1.0806e+00
1466 0 +2.759412706e+01 +1.416841271e+02 +1.416841271e+02 -2.5970e+00 +6.9513e-01 -1.5444e+00 -4.5726e+00 +1.4978e+00 +1.1509e+00 +1.2919e+00 +4.6200e-02 -1.4686e+00 +1.8629e+00 -4.7159e+00 +2.6817e+00 -1.7957e+00 -5.4629e-01 -3.4557e+00 +1.5610e-01 +1.3018e+00 +2.1607e-01 -3.2639e+00 +2.3787e+00
% f evaluations | g evaluations | best noise-free fitness - Fopt (-5.445900000000e+02) + sum g_i+ | measured fitness | best measured fitness or single-digit g-values | x1 | x2...
1 0 +7.529977158e+01 -4.692902284e+02 -4.692902284e+02 +1.7780e+00 +9.4456e-01 +6.0792e-01 -1.4558e+00 -2.0996e+00 +3.3234e-01 +1.5271e-01 +1.2400e+00 +6.2320e-01 -3.1053e-01 -8.3704e-01 -1.8807e+00 -2.8122e-01 +2.2200e+00 +5.5077e-01 +8.6089e-02 +7.2836e-01 +1.4807e+00 +8.2100e-01 +9.0927e-01
3 0 +5.308536740e+01 -4.915046326e+02 -4.915046326e+02 +1.6384e+00 -1.6788e-01 +1.1116e+00 -5.0841e-01 +9.1671e-01 +1.3434e+00 -1.0903e+00 -3.4897e-01 +1.6149e-02 +6.9393e-01 -1.1962e+00 +1.1319e-01 +1.8431e+00 -2.6089e+00 -1.4291e+00 +2.2917e-01 -3.8727e-01 +1.6071e+00 +7.8801e-01 -8.8818e-01
87 0 +4.656532790e+01 -4.980246721e+02 -4.980246721e+02 -1.4402e+00 +7.1394e-01 -2.9700e+00 +1.5499e+00 +1.4480e+00 +1.7695e+00 +1.8096e+00 +2.0301e+00 +3.4398e+00 +3.2222e+00 +3.0775e+00 -1.2019e-01 -1.9911e+00 +1.4633e+00 -1.1531e+00 -3.2700e+00 -2.8638e+00 -2.2555e+00 +1.7914e+00 -4.7896e-01
99 0 +4.504606114e+01 -4.995439389e+02 -4.995439389e+02 +1.9328e+00 -1.9539e-01 -2.5020e+00 -2.2425e+00 -2.4212e+00 +2.3023e+00 -1.4979e+00 -8.9303e-01 -2.5461e+00 +3.2341e+00 -2.6957e+00 +3.6908e+00 +2.0904e+00 -8.9993e-01 +4.2716e+00 -8.6343e-01 +2.9744e+00 +1.0862e-01 -3.8191e-02 -1.7043e+00
165 0 +3.523589235e+01 -5.093541077e+02 -5.093541077e+02 +1.9975e+00 +3.3470e+00 +3.4649e+00 +1.4772e+00 -6.5308e-01 +1.0464e+00 -6.3031e-01 -1.1985e+00 +5.0239e-01 -6.4509e-02 +3.9034e-01 +1.6815e+00 +1.9460e+00 -3.5380e+00 -3.2066e+00 -1.2926e+00 +9.1719e-01 -3.3987e+00 +1.9204e+00 -2.2330e-01
818 0 +3.349643614e+01 -5.110935639e+02 -5.110935639e+02 +1.6735e+00 +2.6881e+00 +8.2264e-01 +4.2886e+00 -3.6066e+00 +1.1472e+00 +2.8051e-01 +1.4720e+00 +3.5258e+00 +4.6067e-01 +1.6037e+00 -4.8908e-01 -4.6687e-01 +2.7318e+00 -1.1630e+00 +7.2112e-01 +4.1077e+00 -3.6059e+00 +9.9415e-01 -1.5878e+00
1124 0 +3.282498822e+01 -5.117650118e+02 -5.117650118e+02 -2.2865e+00 +3.7089e-02 -1.2113e+00 +1.7786e-01 +2.4996e+00 +7.6085e-01 +2.4168e+00 +2.4964e+00 +1.2888e+00 -1.9628e+00 -2.4677e+00 -1.9540e+00 +1.7006e+00 -6.0379e-01 -3.7100e+00 -9.3419e-01 +1.4809e+00 +8.5678e-01 +1.0584e+00 +2.3119e+00
1626 0 +2.911590705e+01 -5.154740930e+02 -5.154740930e+02 -3.3223e+00 +1.9729e+00 +2.4386e+00 -2.5298e+00 -3.3136e+00 -3.1211e+00 -3.7936e+00 -2.2541e+00 +4.2470e+00 -1.8594e+00 +1.7385e+00 +2.7916e+00 -1.7350e+00 +1.9280e+00 +4.2559e-01 +3.5520e+00 -2.5840e-01 -2.2618e+00 -2.8683e+00 +3.1141e+00
